3 0.41466346153846156 0.39663461538461536 0.15745192307692307 0.14543269230769232
3 0.4110576923076923 0.21995192307692307 0.06129807692307692 0.04927884615384615
3 0.41586538461538464 0.23677884615384615 0.057692307692307696 0.06610576923076923
3 0.47115384615384615 0.20432692307692307 0.04927884615384615 0.021634615384615384
3 0.5769230769230769 0.39302884615384615 0.16105769230769232 0.12980769230769232
3 0.4050480769230769 0.4495192307692308 0.02403846153846154 0.08653846153846154
3 0.4098557692307692 0.5661057692307693 0.046875 0.08653846153846154
3 0.5733173076923077 0.6959134615384616 0.06129807692307692 0.11538461538461539
3 0.7043269230769231 0.41225961538461536 0.03365384615384615 0.11177884615384616
3 0.8125 0.29086538461538464 0.036057692307692304 0.04807692307692308
