3 0.040865384615384616 0.4362980769230769 0.08173076923076923 0.08173076923076923
3 0.0985576923076923 0.9014423076923077 0.1622596153846154 0.19591346153846154
3 0.421875 0.34375 0.05048076923076923 0.0733173076923077
3 0.5 0.8641826923076923 0.15745192307692307 0.2692307692307692
3 0.515625 0.27163461538461536 0.020432692307692308 0.03485576923076923
3 0.5721153846153846 0.35096153846153844 0.06971153846153846 0.0985576923076923
3 0.6298076923076923 0.35096153846153844 0.04567307692307692 0.054086538461538464
3 0.8257211538461539 0.9314903846153846 0.20072115384615385 0.1346153846153846
3 0.7199519230769231 0.2764423076923077 0.054086538461538464 0.04447115384615385
3 0.59375 0.2764423076923077 0.04447115384615385 0.04807692307692308
3 0.5829326923076923 0.23076923076923078 0.028846153846153848 0.037259615384615384
3 0.7920673076923077 0.24158653846153846 0.042067307692307696 0.03485576923076923
3 0.6766826923076923 0.23798076923076922 0.03245192307692308 0.03365384615384615
3 0.46875 0.33533653846153844 0.04326923076923077 0.046875
