3 0.46274038461538464 0.6826923076923077 0.7259615384615384 0.6346153846153846
3 0.12740384615384615 0.19951923076923078 0.04447115384615385 0.08173076923076923
3 0.4639423076923077 0.21995192307692307 0.0829326923076923 0.11298076923076923
3 0.484375 0.14543269230769232 0.039663461538461536 0.06610576923076923
3 0.7127403846153846 0.49759615384615385 0.49399038461538464 0.4483173076923077
3 0.5336538461538461 0.1814903846153846 0.05048076923076923 0.08774038461538461
3 0.53125 0.12740384615384615 0.028846153846153848 0.019230769230769232
3 0.8377403846153846 0.4206730769230769 0.3245192307692308 0.3485576923076923
3 0.9326923076923077 0.4387019230769231 0.13221153846153846 0.109375
3 0.9194711538461539 0.43509615384615385 0.06850961538461539 0.12139423076923077
3 0.9266826923076923 0.3473557692307692 0.054086538461538464 0.0625
3 0.8581730769230769 0.3545673076923077 0.039663461538461536 0.1466346153846154
3 0.49158653846153844 0.21995192307692307 0.03245192307692308 0.056490384615384616
