3 0.2956730769230769 0.6971153846153846 0.38822115384615385 0.22956730769230768
3 0.6502403846153846 0.7151442307692307 0.3713942307692308 0.28125
3 0.3329326923076923 0.24158653846153846 0.026442307692307692 0.1622596153846154
3 0.3629807692307692 0.23918269230769232 0.03245192307692308 0.15985576923076922
3 0.42908653846153844 0.2283653846153846 0.038461538461538464 0.18028846153846154
3 0.4699519230769231 0.2091346153846154 0.042067307692307696 0.21875
3 0.5120192307692307 0.21153846153846154 0.03125 0.22355769230769232
3 0.5480769230769231 0.12379807692307693 0.021634615384615384 0.04567307692307692
3 0.5841346153846154 0.12139423076923077 0.021634615384615384 0.04326923076923077
3 0.6262019230769231 0.20793269230769232 0.03245192307692308 0.22115384615384615
