3 0.5516826923076923 0.8665865384615384 0.12740384615384615 0.14302884615384615
3 0.23918269230769232 0.6514423076923077 0.05048076923076923 0.046875
3 0.84375 0.8329326923076923 0.025240384615384616 0.13822115384615385
3 0.8293269230769231 0.8209134615384616 0.018028846153846152 0.12860576923076922
3 0.8004807692307693 0.8209134615384616 0.027644230769230768 0.1310096153846154
3 0.43028846153846156 0.8076923076923077 0.02403846153846154 0.13581730769230768
3 0.39663461538461536 0.8040865384615384 0.025240384615384616 0.13221153846153846
3 0.19471153846153846 0.8173076923076923 0.028846153846153848 0.12980769230769232
3 0.12860576923076922 0.7980769230769231 0.02403846153846154 0.13221153846153846
3 0.49759615384615385 0.6502403846153846 0.013221153846153846 0.0625
3 0.4639423076923077 0.6490384615384616 0.01201923076923077 0.0673076923076923
3 0.3173076923076923 0.6466346153846154 0.010817307692307692 0.0625
3 0.2956730769230769 0.6454326923076923 0.01201923076923077 0.06009615384615385
3 0.140625 0.640625 0.01201923076923077 0.0625
3 0.11778846153846154 0.640625 0.009615384615384616 0.05889423076923077
3 0.11177884615384616 0.6418269230769231 0.008413461538461538 0.06129807692307692
3 0.08653846153846154 0.6370192307692307 0.009615384615384616 0.06009615384615385
3 0.07932692307692307 0.6418269230769231 0.009615384615384616 0.05889423076923077
3 0.06610576923076923 0.6502403846153846 0.01201923076923077 0.04807692307692308
3 0.006009615384615385 0.6502403846153846 0.010817307692307692 0.056490384615384616
3 0.9302884615384616 0.6634615384615384 0.013221153846153846 0.07091346153846154
3 0.9362980769230769 0.6514423076923077 0.009615384615384616 0.03485576923076923
3 0.9711538461538461 0.6646634615384616 0.01201923076923077 0.036057692307692304
3 0.9855769230769231 0.6634615384615384 0.010817307692307692 0.03485576923076923
