3 0.4182692307692308 0.640625 0.2764423076923077 0.27884615384615385
3 0.8954326923076923 0.34134615384615385 0.06971153846153846 0.04927884615384615
3 0.8762019230769231 0.296875 0.019230769230769232 0.054086538461538464
3 0.9146634615384616 0.2644230769230769 0.039663461538461536 0.10817307692307693
3 0.9903846153846154 0.3581730769230769 0.018028846153846152 0.09254807692307693
3 0.22596153846153846 0.21995192307692307 0.08413461538461539 0.09975961538461539
3 0.5733173076923077 0.17908653846153846 0.046875 0.07572115384615384
3 0.5817307692307693 0.6322115384615384 0.040865384615384616 0.20072115384615385
3 0.7980769230769231 0.5853365384615384 0.036057692307692304 0.08653846153846154
3 0.6069711538461539 0.5012019230769231 0.2127403846153846 0.203125
3 0.59375 0.6947115384615384 0.056490384615384616 0.12980769230769232
3 0.7716346153846154 0.6454326923076923 0.057692307692307696 0.10817307692307693
3 0.7319711538461539 0.5649038461538461 0.051682692307692304 0.07692307692307693
