3 0.2800480769230769 0.8329326923076923 0.15865384615384615 0.22115384615384615
3 0.4182692307692308 0.5420673076923077 0.030048076923076924 0.04567307692307692
3 0.47596153846153844 0.5384615384615384 0.057692307692307696 0.040865384615384616
3 0.5408653846153846 0.5216346153846154 0.03485576923076923 0.038461538461538464
3 0.5985576923076923 0.5192307692307693 0.04447115384615385 0.03245192307692308
3 0.6430288461538461 0.5084134615384616 0.040865384615384616 0.038461538461538464
3 0.7115384615384616 0.6862980769230769 0.09615384615384616 0.11658653846153846
3 0.78125 0.5024038461538461 0.03485576923076923 0.03245192307692308
3 0.8100961538461539 0.5012019230769231 0.028846153846153848 0.025240384615384616
3 0.8449519230769231 0.6370192307692307 0.04807692307692308 0.07932692307692307
3 0.8810096153846154 0.49399038461538464 0.037259615384615384 0.025240384615384616
3 0.9915865384615384 0.5084134615384616 0.016826923076923076 0.03245192307692308
3 0.5084134615384616 0.9086538461538461 0.040865384615384616 0.18269230769230768
3 0.7223557692307693 0.6490384615384616 0.019230769230769232 0.10216346153846154
3 0.5336538461538461 0.5288461538461539 0.010817307692307692 0.05048076923076923
3 0.4014423076923077 0.5432692307692307 0.010817307692307692 0.056490384615384616
3 0.6550480769230769 0.515625 0.008413461538461538 0.04447115384615385
3 0.7199519230769231 0.5084134615384616 0.008413461538461538 0.039663461538461536
3 0.9735576923076923 0.5697115384615384 0.010817307692307692 0.0673076923076923
