3 0.5144230769230769 0.6286057692307693 0.23677884615384615 0.421875
3 0.5072115384615384 0.265625 0.040865384615384616 0.06610576923076923
3 0.5697115384615384 0.2932692307692308 0.06850961538461539 0.028846153846153848
3 0.4326923076923077 0.5084134615384616 0.030048076923076924 0.18389423076923078
3 0.47115384615384615 0.4855769230769231 0.025240384615384616 0.18028846153846154
3 0.7620192307692307 0.18028846153846154 0.004807692307692308 0.042067307692307696
3 0.7680288461538461 0.18028846153846154 0.006009615384615385 0.04567307692307692
3 0.7740384615384616 0.18028846153846154 0.006009615384615385 0.04326923076923077
3 0.7800480769230769 0.18028846153846154 0.006009615384615385 0.040865384615384616
3 0.7860576923076923 0.1814903846153846 0.006009615384615385 0.042067307692307696
3 0.7920673076923077 0.1814903846153846 0.006009615384615385 0.038461538461538464
