3 0.8461538461538461 0.5745192307692307 0.22235576923076922 0.28966346153846156
3 0.328125 0.07932692307692307 0.12860576923076922 0.10216346153846154
3 0.6165865384615384 0.3605769230769231 0.23197115384615385 0.22235576923076922
3 0.7139423076923077 0.2668269230769231 0.16826923076923078 0.15504807692307693
3 0.7980769230769231 0.5240384615384616 0.046875 0.17908653846153846
3 0.7223557692307693 0.5168269230769231 0.04807692307692308 0.18509615384615385
3 0.6646634615384616 0.4098557692307692 0.038461538461538464 0.16105769230769232
3 0.7283653846153846 0.29086538461538464 0.026442307692307692 0.11538461538461539
3 0.7572115384615384 0.22956730769230768 0.03125 0.04447115384615385
3 0.25 0.11778846153846154 0.030048076923076924 0.07932692307692307
3 0.015625 0.18269230769230768 0.03125 0.08653846153846154
