3 0.4807692307692308 0.7127403846153846 0.20673076923076922 0.36177884615384615
3 0.026442307692307692 0.027644230769230768 0.02403846153846154 0.03245192307692308
3 0.13942307692307693 0.07451923076923077 0.03245192307692308 0.04326923076923077
3 0.19831730769230768 0.08052884615384616 0.03365384615384615 0.051682692307692304
3 0.3233173076923077 0.5132211538461539 0.17548076923076922 0.16105769230769232
3 0.3401442307692308 0.6045673076923077 0.17307692307692307 0.24278846153846154
3 0.39302884615384615 0.057692307692307696 0.03485576923076923 0.04807692307692308
3 0.41947115384615385 0.16105769230769232 0.04567307692307692 0.07451923076923077
3 0.46153846153846156 0.44350961538461536 0.11538461538461539 0.12379807692307693
3 0.4951923076923077 0.15745192307692307 0.04927884615384615 0.06129807692307692
3 0.59375 0.4855769230769231 0.140625 0.12980769230769232
3 0.7055288461538461 0.6862980769230769 0.19471153846153846 0.2980769230769231
3 0.7115384615384616 0.5144230769230769 0.06850961538461539 0.16947115384615385
3 0.8052884615384616 0.6045673076923077 0.15745192307692307 0.23918269230769232
3 0.8016826923076923 0.2920673076923077 0.07451923076923077 0.06370192307692307
3 0.859375 0.0985576923076923 0.019230769230769232 0.027644230769230768
3 0.9423076923076923 0.3137019230769231 0.040865384615384616 0.06850961538461539
3 0.9447115384615384 0.2848557692307692 0.04567307692307692 0.07211538461538461
3 0.47115384615384615 0.46634615384615385 0.025240384615384616 0.08653846153846154
3 0.2620192307692308 0.5396634615384616 0.027644230769230768 0.12379807692307693
3 0.6394230769230769 0.5408653846153846 0.028846153846153848 0.06850961538461539
3 0.7067307692307693 0.8774038461538461 0.04927884615384615 0.109375
3 0.43990384615384615 0.5673076923076923 0.030048076923076924 0.08052884615384616
3 0.44711538461538464 0.6189903846153846 0.026442307692307692 0.08774038461538461
3 0.2512019230769231 0.5793269230769231 0.03245192307692308 0.06129807692307692
3 0.5733173076923077 0.8365384615384616 0.03245192307692308 0.12139423076923077
3 0.65625 0.8533653846153846 0.04567307692307692 0.11538461538461539
3 0.8497596153846154 0.7103365384615384 0.040865384615384616 0.0889423076923077
