3 0.6742788461538461 0.7319711538461539 0.5024038461538461 0.5360576923076923
3 0.18269230769230768 0.59375 0.04447115384615385 0.07692307692307693
3 0.2608173076923077 0.5649038461538461 0.03125 0.037259615384615384
3 0.2247596153846154 0.578125 0.03125 0.042067307692307696
3 0.028846153846153848 0.4495192307692308 0.042067307692307696 0.12139423076923077
3 0.05889423076923077 0.4326923076923077 0.03125 0.13822115384615385
3 0.08653846153846154 0.4387019230769231 0.03365384615384615 0.12620192307692307
3 0.1141826923076923 0.42908653846153844 0.03125 0.14423076923076922
3 0.14302884615384615 0.42788461538461536 0.030048076923076924 0.13701923076923078
3 0.17067307692307693 0.43028846153846156 0.026442307692307692 0.12980769230769232
3 0.19831730769230768 0.42427884615384615 0.025240384615384616 0.12980769230769232
3 0.22235576923076922 0.4206730769230769 0.02283653846153846 0.1310096153846154
3 0.24759615384615385 0.42788461538461536 0.020432692307692308 0.13581730769230768
3 0.27283653846153844 0.4387019230769231 0.025240384615384616 0.1045673076923077
3 0.02403846153846154 0.34975961538461536 0.03365384615384615 0.1346153846153846
3 0.057692307692307696 0.3449519230769231 0.03125 0.1141826923076923
3 0.08653846153846154 0.3425480769230769 0.027644230769230768 0.11899038461538461
3 0.1201923076923077 0.3425480769230769 0.026442307692307692 0.12620192307692307
3 0.14783653846153846 0.34975961538461536 0.02283653846153846 0.11778846153846154
3 0.171875 0.3449519230769231 0.02403846153846154 0.12139423076923077
3 0.19831730769230768 0.35336538461538464 0.02403846153846154 0.11057692307692307
3 0.22355769230769232 0.35216346153846156 0.02403846153846154 0.09495192307692307
3 0.24879807692307693 0.34975961538461536 0.02283653846153846 0.09134615384615384
3 0.020432692307692308 0.26802884615384615 0.036057692307692304 0.055288461538461536
3 0.06009615384615385 0.2776442307692308 0.03125 0.10216346153846154
3 0.09014423076923077 0.2776442307692308 0.028846153846153848 0.11778846153846154
3 0.12379807692307693 0.2620192307692308 0.027644230769230768 0.06009615384615385
3 0.15264423076923078 0.27283653846153844 0.02403846153846154 0.06850961538461539
3 0.1778846153846154 0.265625 0.025240384615384616 0.06370192307692307
3 0.20072115384615385 0.26802884615384615 0.021634615384615384 0.057692307692307696
3 0.22716346153846154 0.2776442307692308 0.015625 0.04326923076923077
