3 0.3942307692307692 0.6850961538461539 0.21875 0.24879807692307693
3 0.53125 0.6370192307692307 0.05889423076923077 0.042067307692307696
3 0.8040865384615384 0.5384615384615384 0.12980769230769232 0.10697115384615384
3 0.14182692307692307 0.7776442307692307 0.06490384615384616 0.234375
3 0.49759615384615385 0.5540865384615384 0.026442307692307692 0.06971153846153846
3 0.5661057692307693 0.5288461538461539 0.019230769230769232 0.07451923076923077
3 0.9435096153846154 0.6622596153846154 0.04567307692307692 0.17067307692307693
3 0.9459134615384616 0.5649038461538461 0.030048076923076924 0.11057692307692307
3 0.2848557692307692 0.6310096153846154 0.07572115384615384 0.1658653846153846
3 0.5372596153846154 0.5192307692307693 0.020432692307692308 0.10096153846153846
