3 0.5480769230769231 0.8822115384615384 0.23557692307692307 0.23557692307692307
3 0.15504807692307693 0.5264423076923077 0.0625 0.07932692307692307
3 0.25961538461538464 0.7283653846153846 0.11778846153846154 0.19110576923076922
3 0.27884615384615385 0.47716346153846156 0.046875 0.054086538461538464
3 0.33052884615384615 0.5528846153846154 0.09495192307692307 0.09134615384615384
3 0.5024038461538461 0.5877403846153846 0.0829326923076923 0.125
3 0.8076923076923077 0.9375 0.26322115384615385 0.12259615384615384
3 0.765625 0.7043269230769231 0.09375 0.15745192307692307
3 0.8052884615384616 0.5432692307692307 0.03365384615384615 0.078125
3 0.5516826923076923 0.5408653846153846 0.09615384615384616 0.05889423076923077
