3 0.5384615384615384 0.8918269230769231 0.23798076923076922 0.21634615384615385
3 0.1201923076923077 0.4987980769230769 0.06490384615384616 0.07572115384615384
3 0.23197115384615385 0.7283653846153846 0.12259615384615384 0.2127403846153846
3 0.24879807692307693 0.44350961538461536 0.04447115384615385 0.026442307692307692
3 0.30649038461538464 0.5324519230769231 0.09134615384615384 0.08533653846153846
3 0.48197115384615385 0.5829326923076923 0.0985576923076923 0.13822115384615385
3 0.8209134615384616 0.9627403846153846 0.2620192307692308 0.07211538461538461
3 0.7740384615384616 0.71875 0.10336538461538461 0.1658653846153846
3 0.8149038461538461 0.5408653846153846 0.04807692307692308 0.08533653846153846
3 0.5408653846153846 0.53125 0.10576923076923077 0.05889423076923077
