3 0.20432692307692307 0.2800480769230769 0.18389423076923078 0.109375
3 0.6911057692307693 0.15264423076923078 0.013221153846153846 0.040865384615384616
3 0.6514423076923077 0.15745192307692307 0.015625 0.040865384615384616
3 0.7007211538461539 0.15264423076923078 0.009615384615384616 0.040865384615384616
3 0.6658653846153846 0.15264423076923078 0.01201923076923077 0.04807692307692308
3 0.6802884615384616 0.15745192307692307 0.009615384615384616 0.039663461538461536
3 0.7536057692307693 0.2512019230769231 0.009615384615384616 0.052884615384615384
3 0.7644230769230769 0.24879807692307693 0.009615384615384616 0.04567307692307692
3 0.6850961538461539 0.2548076923076923 0.008413461538461538 0.03125
3 0.6754807692307693 0.2512019230769231 0.010817307692307692 0.036057692307692304
3 0.6610576923076923 0.25240384615384615 0.014423076923076924 0.030048076923076924
3 0.7247596153846154 0.16346153846153846 0.015625 0.018028846153846152
3 0.7391826923076923 0.16346153846153846 0.014423076923076924 0.015625
3 0.7548076923076923 0.16105769230769232 0.016826923076923076 0.016826923076923076
3 0.7451923076923077 0.14783653846153846 0.015625 0.019230769230769232
