3 0.3641826923076923 0.3076923076923077 0.030048076923076924 0.019230769230769232
3 0.36658653846153844 0.21995192307692307 0.03245192307692308 0.06610576923076923
3 0.3870192307692308 0.1346153846153846 0.020432692307692308 0.021634615384615384
3 0.43028846153846156 0.22596153846153846 0.030048076923076924 0.021634615384615384
3 0.4423076923076923 0.17427884615384615 0.027644230769230768 0.021634615384615384
3 0.47115384615384615 0.23557692307692307 0.037259615384615384 0.027644230769230768
3 0.46634615384615385 0.10576923076923077 0.020432692307692308 0.025240384615384616
3 0.47836538461538464 0.13581730769230768 0.021634615384615384 0.021634615384615384
3 0.48197115384615385 0.17668269230769232 0.02403846153846154 0.021634615384615384
3 0.4963942307692308 0.0985576923076923 0.021634615384615384 0.025240384615384616
3 0.5096153846153846 0.23918269230769232 0.036057692307692304 0.026442307692307692
3 0.5372596153846154 0.3125 0.04326923076923077 0.03245192307692308
3 0.53125 0.18629807692307693 0.025240384615384616 0.020432692307692308
3 0.5420673076923077 0.14302884615384615 0.025240384615384616 0.014423076923076924
3 0.5600961538461539 0.23798076923076922 0.03365384615384615 0.03485576923076923
3 0.5673076923076923 0.18870192307692307 0.028846153846153848 0.027644230769230768
3 0.5817307692307693 0.3233173076923077 0.04927884615384615 0.038461538461538464
3 0.6141826923076923 0.203125 0.020432692307692308 0.021634615384615384
3 0.6153846153846154 0.140625 0.021634615384615384 0.025240384615384616
3 0.6262019230769231 0.33774038461538464 0.04326923076923077 0.04447115384615385
3 0.6382211538461539 0.2512019230769231 0.03245192307692308 0.03485576923076923
3 0.6586538461538461 0.15985576923076922 0.028846153846153848 0.019230769230769232
3 0.6742788461538461 0.3918269230769231 0.04447115384615385 0.027644230769230768
3 0.6959134615384616 0.15745192307692307 0.019230769230769232 0.027644230769230768
3 0.7668269230769231 0.8641826923076923 0.12259615384615384 0.21514423076923078
3 0.78125 0.4423076923076923 0.04326923076923077 0.08653846153846154
3 0.8233173076923077 0.7728365384615384 0.11538461538461539 0.17908653846153846
3 0.8076923076923077 0.4831730769230769 0.055288461538461536 0.078125
3 0.8209134615384616 0.5649038461538461 0.06490384615384616 0.09615384615384616
3 0.8305288461538461 0.6694711538461539 0.06971153846153846 0.140625
3 0.8305288461538461 0.2536057692307692 0.04807692307692308 0.040865384615384616
3 0.84375 0.6586538461538461 0.042067307692307696 0.0733173076923077
3 0.8677884615384616 0.24639423076923078 0.05048076923076923 0.04447115384615385
3 0.8954326923076923 0.375 0.03245192307692308 0.0625
3 0.9350961538461539 0.4050480769230769 0.04447115384615385 0.08533653846153846
3 0.9759615384615384 0.43509615384615385 0.046875 0.08173076923076923
3 0.4807692307692308 0.47596153846153844 0.010817307692307692 0.054086538461538464
3 0.4639423076923077 0.43149038461538464 0.01201923076923077 0.052884615384615384
3 0.71875 0.27884615384615385 0.008413461538461538 0.01201923076923077
