3 0.10697115384615384 0.9146634615384616 0.18509615384615385 0.17067307692307693
3 0.0829326923076923 0.7632211538461539 0.16466346153846154 0.23798076923076922
3 0.4987980769230769 0.9182692307692307 0.23798076923076922 0.15985576923076922
3 0.9459134615384616 0.6838942307692307 0.039663461538461536 0.21033653846153846
3 0.7415865384615384 0.4891826923076923 0.018028846153846152 0.08533653846153846
3 0.6887019230769231 0.5 0.021634615384615384 0.09375
3 0.4338942307692308 0.4879807692307692 0.018028846153846152 0.09615384615384616
3 0.41346153846153844 0.4963942307692308 0.02403846153846154 0.07572115384615384
3 0.015625 0.6286057692307693 0.03125 0.16947115384615385
3 0.07211538461538461 0.6153846153846154 0.03365384615384615 0.07932692307692307
