3 0.14423076923076922 0.7884615384615384 0.28846153846153844 0.2980769230769231
3 0.009615384615384616 0.5108173076923077 0.019230769230769232 0.03245192307692308
3 0.036057692307692304 0.5709134615384616 0.07091346153846154 0.042067307692307696
3 0.078125 0.6694711538461539 0.15384615384615385 0.0889423076923077
3 0.3858173076923077 0.3942307692307692 0.054086538461538464 0.06850961538461539
3 0.703125 0.37259615384615385 0.04326923076923077 0.042067307692307696
3 0.7824519230769231 0.38461538461538464 0.04927884615384615 0.046875
3 0.859375 0.39663461538461536 0.06370192307692307 0.04927884615384615
3 0.9615384615384616 0.40625 0.05889423076923077 0.055288461538461536
3 0.4423076923076923 0.390625 0.038461538461538464 0.05889423076923077
3 0.4651442307692308 0.4110576923076923 0.06971153846153846 0.07572115384615384
3 0.5168269230769231 0.4050480769230769 0.036057692307692304 0.05889423076923077
3 0.5408653846153846 0.4338942307692308 0.09134615384615384 0.09735576923076923
3 0.6177884615384616 0.4266826923076923 0.06490384615384616 0.07572115384615384
3 0.6658653846153846 0.4675480769230769 0.11658653846153846 0.1141826923076923
3 0.7487980769230769 0.4543269230769231 0.08653846153846154 0.0889423076923077
3 0.8221153846153846 0.5144230769230769 0.13341346153846154 0.14302884615384615
3 0.8798076923076923 0.484375 0.11057692307692307 0.09735576923076923
