3 0.26802884615384615 0.9038461538461539 0.1622596153846154 0.19230769230769232
3 0.07572115384615384 0.9170673076923077 0.15144230769230768 0.16105769230769232
3 0.08774038461538461 0.7692307692307693 0.12740384615384615 0.10697115384615384
3 0.109375 0.44471153846153844 0.021634615384615384 0.021634615384615384
3 0.1310096153846154 0.5420673076923077 0.03365384615384615 0.055288461538461536
3 0.1502403846153846 0.5612980769230769 0.038461538461538464 0.06129807692307692
3 0.1814903846153846 0.5288461538461539 0.02403846153846154 0.042067307692307696
3 0.203125 0.4675480769230769 0.021634615384615384 0.021634615384615384
3 0.28365384615384615 0.7007211538461539 0.08173076923076923 0.08533653846153846
3 0.265625 0.5348557692307693 0.04326923076923077 0.040865384615384616
3 0.25600961538461536 0.45913461538461536 0.019230769230769232 0.026442307692307692
3 0.25600961538461536 0.5060096153846154 0.013221153846153846 0.013221153846153846
3 0.25841346153846156 0.4675480769230769 0.014423076923076924 0.013221153846153846
3 0.3076923076923077 0.7007211538461539 0.078125 0.042067307692307696
3 0.3125 0.46033653846153844 0.016826923076923076 0.021634615384615384
3 0.34134615384615385 0.5216346153846154 0.038461538461538464 0.036057692307692304
3 0.3786057692307692 0.5360576923076923 0.04567307692307692 0.054086538461538464
3 0.390625 0.515625 0.038461538461538464 0.03485576923076923
3 0.4050480769230769 0.4639423076923077 0.020432692307692308 0.014423076923076924
3 0.46274038461538464 0.7103365384615384 0.10216346153846154 0.06971153846153846
3 0.49759615384615385 0.8557692307692307 0.14423076923076922 0.18870192307692307
3 0.44591346153846156 0.4639423076923077 0.018028846153846152 0.019230769230769232
3 0.4567307692307692 0.5252403846153846 0.027644230769230768 0.03485576923076923
3 0.45913461538461536 0.5048076923076923 0.030048076923076924 0.03125
3 0.546875 0.5180288461538461 0.09014423076923077 0.06610576923076923
3 0.6201923076923077 0.6766826923076923 0.05048076923076923 0.06850961538461539
3 0.6899038461538461 0.7668269230769231 0.12139423076923077 0.14182692307692307
3 0.6730769230769231 0.6586538461538461 0.07692307692307693 0.07211538461538461
3 0.7512019230769231 0.6634615384615384 0.04927884615384615 0.08173076923076923
3 0.7427884615384616 0.49399038461538464 0.018028846153846152 0.025240384615384616
3 0.7620192307692307 0.4795673076923077 0.021634615384615384 0.027644230769230768
3 0.7716346153846154 0.4951923076923077 0.019230769230769232 0.03485576923076923
