3 0.08052884615384616 0.84375 0.13701923076923078 0.21394230769230768
3 0.04927884615384615 0.3942307692307692 0.02403846153846154 0.027644230769230768
3 0.08653846153846154 0.44471153846153844 0.03365384615384615 0.03245192307692308
3 0.10697115384615384 0.43028846153846156 0.013221153846153846 0.027644230769230768
3 0.16105769230769232 0.46033653846153844 0.027644230769230768 0.027644230769230768
3 0.21995192307692307 0.5841346153846154 0.04927884615384615 0.04807692307692308
3 0.23557692307692307 0.47596153846153844 0.028846153846153848 0.03245192307692308
3 0.2403846153846154 0.4387019230769231 0.013221153846153846 0.018028846153846152
3 0.35216346153846156 0.5877403846153846 0.04807692307692308 0.04567307692307692
3 0.3449519230769231 0.5228365384615384 0.025240384615384616 0.03485576923076923
3 0.41586538461538464 0.5360576923076923 0.019230769230769232 0.027644230769230768
3 0.421875 0.49278846153846156 0.018028846153846152 0.013221153846153846
3 0.43149038461538464 0.484375 0.016826923076923076 0.015625
3 0.47836538461538464 0.7283653846153846 0.10576923076923077 0.10336538461538461
3 0.5384615384615384 0.59375 0.03365384615384615 0.037259615384615384
3 0.5492788461538461 0.5276442307692307 0.014423076923076924 0.018028846153846152
3 0.5757211538461539 0.7175480769230769 0.06009615384615385 0.07932692307692307
3 0.6069711538461539 0.5216346153846154 0.013221153846153846 0.019230769230769232
3 0.6141826923076923 0.5576923076923077 0.013221153846153846 0.027644230769230768
3 0.6358173076923077 0.6959134615384616 0.052884615384615384 0.06370192307692307
3 0.6310096153846154 0.5985576923076923 0.038461538461538464 0.03485576923076923
3 0.6658653846153846 0.5625 0.015625 0.021634615384615384
3 0.6899038461538461 0.6850961538461539 0.056490384615384616 0.06009615384615385
3 0.6766826923076923 0.5985576923076923 0.028846153846153848 0.03125
3 0.7019230769230769 0.5360576923076923 0.013221153846153846 0.013221153846153846
3 0.71875 0.6045673076923077 0.014423076923076924 0.02403846153846154
3 0.7211538461538461 0.6754807692307693 0.018028846153846152 0.04447115384615385
3 0.7439903846153846 0.5540865384615384 0.015625 0.019230769230769232
3 0.7800480769230769 0.6658653846153846 0.037259615384615384 0.03485576923076923
3 0.7716346153846154 0.5552884615384616 0.014423076923076924 0.018028846153846152
3 0.7980769230769231 0.6069711538461539 0.013221153846153846 0.025240384615384616
3 0.8257211538461539 0.6634615384615384 0.038461538461538464 0.03245192307692308
3 0.8569711538461539 0.6610576923076923 0.03485576923076923 0.03125
3 0.8509615384615384 0.6021634615384616 0.013221153846153846 0.019230769230769232
3 0.890625 0.6514423076923077 0.025240384615384616 0.027644230769230768
3 0.9074519230769231 0.6081730769230769 0.009615384615384616 0.014423076923076924
3 0.9350961538461539 0.6502403846153846 0.014423076923076924 0.020432692307692308
3 0.9447115384615384 0.6117788461538461 0.01201923076923077 0.018028846153846152
