3 0.7019230769230769 0.8894230769230769 0.27884615384615385 0.19471153846153846
3 0.140625 0.7608173076923077 0.18509615384615385 0.15985576923076922
3 0.3233173076923077 0.9423076923076923 0.27884615384615385 0.11298076923076923
3 0.5528846153846154 0.5420673076923077 0.06370192307692307 0.08173076923076923
3 0.5661057692307693 0.4807692307692308 0.030048076923076924 0.040865384615384616
3 0.8341346153846154 0.5949519230769231 0.03365384615384615 0.10697115384615384
3 0.8954326923076923 0.5745192307692307 0.109375 0.0889423076923077
3 0.47475961538461536 0.9254807692307693 0.039663461538461536 0.14543269230769232
3 0.5 0.9639423076923077 0.03365384615384615 0.07211538461538461
3 0.18990384615384615 0.6105769230769231 0.052884615384615384 0.08052884615384616
3 0.8846153846153846 0.6201923076923077 0.02283653846153846 0.04567307692307692
3 0.43149038461538464 0.49278846153846156 0.015625 0.046875
