3 0.020432692307692308 0.625 0.039663461538461536 0.1141826923076923
3 0.5877403846153846 0.7764423076923077 0.35216346153846156 0.43149038461538464
3 0.9110576923076923 0.6646634615384616 0.04567307692307692 0.2439903846153846
3 0.12620192307692307 0.7620192307692307 0.0625 0.27163461538461536
3 0.021634615384615384 0.5192307692307693 0.03485576923076923 0.09134615384615384
3 0.3449519230769231 0.23076923076923078 0.015625 0.07451923076923077
3 0.7764423076923077 0.6586538461538461 0.21394230769230768 0.18629807692307693
3 0.9567307692307693 0.7091346153846154 0.040865384615384616 0.16466346153846154
3 0.90625 0.7331730769230769 0.04447115384615385 0.16826923076923078
3 0.27283653846153844 0.7211538461538461 0.04807692307692308 0.1045673076923077
