3 0.054086538461538464 0.5252403846153846 0.10817307692307693 0.07932692307692307
3 0.13581730769230768 0.9194711538461539 0.27163461538461536 0.15865384615384615
3 0.19831730769230768 0.5384615384615384 0.15745192307692307 0.055288461538461536
3 0.28846153846153844 0.5348557692307693 0.09975961538461539 0.051682692307692304
3 0.3737980769230769 0.5228365384615384 0.09615384615384616 0.0733173076923077
3 0.4651442307692308 0.7848557692307693 0.16947115384615385 0.08052884615384616
3 0.5132211538461539 0.5348557692307693 0.04326923076923077 0.04807692307692308
3 0.671875 0.6622596153846154 0.1622596153846154 0.1658653846153846
3 0.703125 0.625 0.09254807692307693 0.0985576923076923
3 0.03125 0.7980769230769231 0.06129807692307692 0.14423076923076922
3 0.1310096153846154 0.7980769230769231 0.06370192307692307 0.09375
3 0.18028846153846154 0.5504807692307693 0.020432692307692308 0.040865384615384616
3 0.26322115384615385 0.5552884615384616 0.019230769230769232 0.028846153846153848
3 0.29086538461538464 0.5516826923076923 0.027644230769230768 0.039663461538461536
3 0.5697115384615384 0.6778846153846154 0.027644230769230768 0.0625
3 0.6057692307692307 0.7367788461538461 0.04927884615384615 0.055288461538461536
3 0.6069711538461539 0.7043269230769231 0.038461538461538464 0.030048076923076924
3 0.7512019230769231 0.6081730769230769 0.026442307692307692 0.125
3 0.7307692307692307 0.6454326923076923 0.02283653846153846 0.05048076923076923
3 0.30528846153846156 0.5252403846153846 0.018028846153846152 0.08052884615384616
