3 0.7295673076923077 0.8365384615384616 0.25240384615384615 0.29447115384615385
3 0.15264423076923078 0.33413461538461536 0.04567307692307692 0.09134615384615384
3 0.39663461538461536 0.5252403846153846 0.1310096153846154 0.1466346153846154
3 0.46875 0.38100961538461536 0.09735576923076923 0.08653846153846154
3 0.4795673076923077 0.2644230769230769 0.09375 0.09254807692307693
3 0.7560096153846154 0.27884615384615385 0.09975961538461539 0.08533653846153846
3 0.078125 0.703125 0.037259615384615384 0.16346153846153846
3 0.5697115384615384 0.5757211538461539 0.04326923076923077 0.06971153846153846
3 0.9314903846153846 0.9122596153846154 0.0625 0.09615384615384616
3 0.9387019230769231 0.296875 0.028846153846153848 0.0625
