3 0.3389423076923077 0.8557692307692307 0.2512019230769231 0.2704326923076923
3 0.04326923076923077 0.3557692307692308 0.056490384615384616 0.0673076923076923
3 0.12620192307692307 0.3942307692307692 0.06370192307692307 0.09014423076923077
3 0.359375 0.30288461538461536 0.03245192307692308 0.04447115384615385
3 0.5084134615384616 0.46033653846153844 0.09735576923076923 0.11177884615384616
3 0.48197115384615385 0.3245192307692308 0.019230769230769232 0.039663461538461536
3 0.6778846153846154 0.6165865384615384 0.1502403846153846 0.2403846153846154
3 0.6442307692307693 0.4338942307692308 0.05048076923076923 0.08653846153846154
3 0.9350961538461539 0.5721153846153846 0.12860576923076922 0.14182692307692307
3 0.2403846153846154 0.515625 0.10697115384615384 0.14543269230769232
