3 0.6742788461538461 0.7307692307692307 0.3173076923076923 0.43149038461538464
3 0.6153846153846154 0.53125 0.038461538461538464 0.15384615384615385
3 0.7355769230769231 0.37259615384615385 0.02403846153846154 0.1045673076923077
3 0.42908653846153844 0.45913461538461536 0.028846153846153848 0.12860576923076922
3 0.4014423076923077 0.35697115384615385 0.021634615384615384 0.09134615384615384
3 0.3942307692307692 0.25841346153846156 0.014423076923076924 0.057692307692307696
3 0.421875 0.234375 0.013221153846153846 0.04807692307692308
3 0.3701923076923077 0.2247596153846154 0.02403846153846154 0.040865384615384616
3 0.828125 0.4879807692307692 0.02403846153846154 0.0733173076923077
3 0.7752403846153846 0.4567307692307692 0.025240384615384616 0.0733173076923077
3 0.6911057692307693 0.3762019230769231 0.02403846153846154 0.03125
3 0.46634615384615385 0.4651442307692308 0.028846153846153848 0.078125
3 0.46875 0.40384615384615385 0.018028846153846152 0.057692307692307696
3 0.44711538461538464 0.40024038461538464 0.02283653846153846 0.0673076923076923
3 0.4110576923076923 0.2776442307692308 0.014423076923076924 0.04567307692307692
3 0.5540865384615384 0.2956730769230769 0.018028846153846152 0.0829326923076923
