3 0.41586538461538464 0.53125 0.28125 0.3858173076923077
3 0.11658653846153846 0.27163461538461536 0.06850961538461539 0.11899038461538461
3 0.20072115384615385 0.32091346153846156 0.1466346153846154 0.16706730769230768
3 0.23076923076923078 0.15504807692307693 0.028846153846153848 0.040865384615384616
3 0.2848557692307692 0.18389423076923078 0.07211538461538461 0.06610576923076923
3 0.35336538461538464 0.20192307692307693 0.0733173076923077 0.08173076923076923
3 0.4519230769230769 0.24278846153846154 0.0829326923076923 0.140625
3 0.20192307692307693 0.48197115384615385 0.05048076923076923 0.20793269230769232
3 0.21754807692307693 0.3449519230769231 0.02403846153846154 0.12860576923076922
3 0.14182692307692307 0.28125 0.027644230769230768 0.12259615384615384
3 0.3389423076923077 0.21033653846153846 0.020432692307692308 0.08052884615384616
3 0.40024038461538464 0.21995192307692307 0.02403846153846154 0.08774038461538461
3 0.5516826923076923 0.27283653846153844 0.020432692307692308 0.0985576923076923
3 0.5829326923076923 0.44350961538461536 0.038461538461538464 0.17307692307692307
3 0.6598557692307693 0.5372596153846154 0.046875 0.10576923076923077
