3 0.8365384615384616 0.47475961538461536 0.31009615384615385 0.515625
3 0.04807692307692308 0.32211538461538464 0.09615384615384616 0.10216346153846154
3 0.08653846153846154 0.65625 0.17307692307692307 0.35336538461538464
3 0.13221153846153846 0.4387019230769231 0.11177884615384616 0.13701923076923078
3 0.12980769230769232 0.2800480769230769 0.0625 0.09254807692307693
3 0.17668269230769232 0.26802884615384615 0.054086538461538464 0.08173076923076923
3 0.2091346153846154 0.19591346153846154 0.08653846153846154 0.10697115384615384
3 0.29086538461538464 0.5084134615384616 0.23197115384615385 0.3629807692307692
3 0.25 0.31009615384615385 0.06129807692307692 0.0673076923076923
3 0.2932692307692308 0.2668269230769231 0.09014423076923077 0.1201923076923077
3 0.3557692307692308 0.24879807692307693 0.056490384615384616 0.08653846153846154
3 0.38221153846153844 0.15144230769230768 0.06610576923076923 0.07692307692307693
3 0.4014423076923077 0.41346153846153844 0.020432692307692308 0.08774038461538461
3 0.41346153846153844 0.31490384615384615 0.03365384615384615 0.08533653846153846
3 0.4326923076923077 0.5444711538461539 0.06971153846153846 0.19591346153846154
3 0.4362980769230769 0.20552884615384615 0.05889423076923077 0.09735576923076923
3 0.4675480769230769 0.3173076923076923 0.07932692307692307 0.09735576923076923
3 0.5673076923076923 0.6466346153846154 0.22596153846153846 0.31009615384615385
3 0.49278846153846156 0.25600961538461536 0.06009615384615385 0.07572115384615384
3 0.5444711538461539 0.47115384615384615 0.10336538461538461 0.042067307692307696
3 0.5252403846153846 0.13822115384615385 0.056490384615384616 0.10096153846153846
3 0.5649038461538461 0.3557692307692308 0.07451923076923077 0.11177884615384616
3 0.5817307692307693 0.1935096153846154 0.06850961538461539 0.07692307692307693
3 0.6586538461538461 0.22716346153846154 0.09134615384615384 0.11899038461538461
3 0.6670673076923077 0.11658653846153846 0.06370192307692307 0.08533653846153846
3 0.6730769230769231 0.6057692307692307 0.056490384615384616 0.19591346153846154
3 0.7235576923076923 0.18028846153846154 0.051682692307692304 0.08774038461538461
3 0.7788461538461539 0.22716346153846154 0.08774038461538461 0.04927884615384615
3 0.8076923076923077 0.14903846153846154 0.055288461538461536 0.08774038461538461
3 0.9002403846153846 0.11298076923076923 0.06971153846153846 0.109375
3 0.9459134615384616 0.37259615384615385 0.07451923076923077 0.16346153846153846
3 0.9663461538461539 0.36658653846153844 0.06610576923076923 0.17548076923076922
