3 0.7992788461538461 0.30528846153846156 0.14302884615384615 0.07451923076923077
3 0.10576923076923077 0.3894230769230769 0.20793269230769232 0.125
3 0.2776442307692308 0.5324519230769231 0.4206730769230769 0.22596153846153846
3 0.38221153846153844 0.3329326923076923 0.19951923076923078 0.08653846153846154
3 0.43028846153846156 0.3942307692307692 0.29447115384615385 0.14302884615384615
3 0.5757211538461539 0.31009615384615385 0.21033653846153846 0.06971153846153846
3 0.7367788461538461 0.3233173076923077 0.10336538461538461 0.09495192307692307
3 0.4375 0.6021634615384616 0.09615384615384616 0.11057692307692307
3 0.26802884615384615 0.35336538461538464 0.06129807692307692 0.07451923076923077
3 0.8377403846153846 0.35697115384615385 0.057692307692307696 0.051682692307692304
3 0.8076923076923077 0.3449519230769231 0.039663461538461536 0.052884615384615384
3 0.08774038461538461 0.5817307692307693 0.09495192307692307 0.16706730769230768
