3 0.5817307692307693 0.6466346153846154 0.20072115384615385 0.23076923076923078
3 0.15504807692307693 0.421875 0.04447115384615385 0.08653846153846154
3 0.23677884615384615 0.43149038461538464 0.06009615384615385 0.09615384615384616
3 0.33052884615384615 0.37259615384615385 0.028846153846153848 0.055288461538461536
3 0.43028846153846156 0.5949519230769231 0.12620192307692307 0.17908653846153846
3 0.3870192307692308 0.3713942307692308 0.016826923076923076 0.046875
3 0.4675480769230769 0.3449519230769231 0.037259615384615384 0.03485576923076923
3 0.5108173076923077 0.35096153846153844 0.020432692307692308 0.04567307692307692
3 0.5997596153846154 0.33774038461538464 0.03125 0.03245192307692308
3 0.6430288461538461 0.34975961538461536 0.028846153846153848 0.036057692307692304
3 0.7223557692307693 0.41586538461538464 0.06009615384615385 0.07451923076923077
3 0.7992788461538461 0.6995192307692307 0.18990384615384615 0.22235576923076922
3 0.796875 0.4182692307692308 0.025240384615384616 0.04807692307692308
3 0.8990384615384616 0.5024038461538461 0.08774038461538461 0.125
3 0.19591346153846154 0.4182692307692308 0.01201923076923077 0.052884615384615384
3 0.18389423076923078 0.41947115384615385 0.01201923076923077 0.056490384615384616
3 0.4014423076923077 0.38221153846153844 0.010817307692307692 0.056490384615384616
3 0.41225961538461536 0.38100961538461536 0.008413461538461538 0.055288461538461536
3 0.5 0.3581730769230769 0.008413461538461538 0.04326923076923077
3 0.49038461538461536 0.3545673076923077 0.007211538461538462 0.040865384615384616
3 0.7295673076923077 0.484375 0.016826923076923076 0.07091346153846154
3 0.7115384615384616 0.4807692307692308 0.020432692307692308 0.07451923076923077
3 0.6947115384615384 0.47716346153846156 0.014423076923076924 0.06850961538461539
3 0.7211538461538461 0.3293269230769231 0.008413461538461538 0.027644230769230768
3 0.11538461538461539 0.9651442307692307 0.05048076923076923 0.06971153846153846
