3 0.1875 0.8341346153846154 0.1502403846153846 0.3293269230769231
3 0.4651442307692308 0.6526442307692307 0.25961538461538464 0.31490384615384615
3 0.45552884615384615 0.32211538461538464 0.1875 0.19230769230769232
3 0.49278846153846156 0.47115384615384615 0.23677884615384615 0.25240384615384615
3 0.5408653846153846 0.25 0.037259615384615384 0.16826923076923078
3 0.5408653846153846 0.2860576923076923 0.030048076923076924 0.0829326923076923
3 0.20793269230769232 0.6334134615384616 0.078125 0.14182692307692307
3 0.5757211538461539 0.45913461538461536 0.046875 0.09735576923076923
3 0.5180288461538461 0.32572115384615385 0.040865384615384616 0.078125
3 0.2548076923076923 0.20673076923076922 0.03125 0.07692307692307693
