3 0.33653846153846156 0.515625 0.21394230769230768 0.2127403846153846
3 0.40384615384615385 0.390625 0.11778846153846154 0.06850961538461539
3 0.5661057692307693 0.20552884615384615 0.013221153846153846 0.046875
3 0.7223557692307693 0.30649038461538464 0.0733173076923077 0.11658653846153846
3 0.9002403846153846 0.24158653846153846 0.08413461538461539 0.054086538461538464
3 0.96875 0.25240384615384615 0.06009615384615385 0.046875
3 0.9639423076923077 0.9543269230769231 0.06971153846153846 0.09134615384615384
3 0.4879807692307692 0.9495192307692307 0.06370192307692307 0.10096153846153846
3 0.3401442307692308 0.8725961538461539 0.05048076923076923 0.2548076923076923
3 0.4098557692307692 0.4098557692307692 0.02403846153846154 0.109375
3 0.28966346153846156 0.4098557692307692 0.027644230769230768 0.12980769230769232
3 0.4423076923076923 0.3245192307692308 0.018028846153846152 0.09375
3 0.45552884615384615 0.2704326923076923 0.014423076923076924 0.07692307692307693
3 0.45552884615384615 0.22355769230769232 0.013221153846153846 0.06129807692307692
3 0.5997596153846154 0.20673076923076922 0.010817307692307692 0.052884615384615384
3 0.8341346153846154 0.29447115384615385 0.018028846153846152 0.078125
3 0.8858173076923077 0.24158653846153846 0.014423076923076924 0.04567307692307692
3 0.9855769230769231 0.25240384615384615 0.015625 0.04807692307692308
3 0.7644230769230769 0.3449519230769231 0.019230769230769232 0.08774038461538461
3 0.7139423076923077 0.28846153846153844 0.013221153846153846 0.0733173076923077
