3 0.2692307692307692 0.4807692307692308 0.5384615384615384 0.7199519230769231
3 0.8485576923076923 0.453125 0.06971153846153846 0.37740384615384615
3 0.9759615384615384 0.18509615384615385 0.037259615384615384 0.16826923076923078
3 0.9290865384615384 0.20072115384615385 0.03485576923076923 0.15625
3 0.8810096153846154 0.20192307692307693 0.030048076923076924 0.1622596153846154
3 0.8605769230769231 0.22235576923076922 0.020432692307692308 0.12860576923076922
3 0.8209134615384616 0.22596153846153846 0.028846153846153848 0.140625
3 0.7764423076923077 0.23076923076923078 0.030048076923076924 0.16706730769230768
3 0.7367788461538461 0.24278846153846154 0.021634615384615384 0.14903846153846154
3 0.7055288461538461 0.24519230769230768 0.019230769230769232 0.13581730769230768
3 0.6766826923076923 0.2548076923076923 0.016826923076923076 0.08413461538461539
3 0.8052884615384616 0.7271634615384616 0.02283653846153846 0.07692307692307693
3 0.8329326923076923 0.7331730769230769 0.027644230769230768 0.07932692307692307
3 0.8762019230769231 0.7475961538461539 0.025240384615384616 0.08533653846153846
3 0.8533653846153846 0.7355769230769231 0.019230769230769232 0.09014423076923077
3 0.9435096153846154 0.7668269230769231 0.026442307692307692 0.09615384615384616
3 0.9711538461538461 0.7584134615384616 0.030048076923076924 0.07692307692307693
3 0.9230769230769231 0.7596153846153846 0.016826923076923076 0.08774038461538461
