3 0.7235576923076923 0.71875 0.36778846153846156 0.5108173076923077
3 0.9074519230769231 0.6021634615384616 0.18269230769230768 0.33413461538461536
3 0.3137019230769231 0.23076923076923078 0.028846153846153848 0.14783653846153846
3 0.28966346153846156 0.1875 0.025240384615384616 0.06971153846153846
3 0.26322115384615385 0.18509615384615385 0.026442307692307692 0.06610576923076923
3 0.23677884615384615 0.18509615384615385 0.025240384615384616 0.06850961538461539
3 0.20432692307692307 0.21394230769230768 0.03245192307692308 0.11298076923076923
3 0.29447115384615385 0.26802884615384615 0.030048076923076924 0.109375
3 0.2548076923076923 0.2692307692307692 0.030048076923076924 0.1141826923076923
3 0.27524038461538464 0.2704326923076923 0.009615384615384616 0.11177884615384616
3 0.054086538461538464 0.9194711538461539 0.10817307692307693 0.16105769230769232
