3 0.8737980769230769 0.7427884615384616 0.20673076923076922 0.14182692307692307
3 0.055288461538461536 0.5925480769230769 0.09975961538461539 0.06850961538461539
3 0.055288461538461536 0.5853365384615384 0.09975961538461539 0.039663461538461536
3 0.05889423076923077 0.5576923076923077 0.09735576923076923 0.036057692307692304
3 0.24759615384615385 0.7836538461538461 0.24639423076923078 0.10817307692307693
3 0.17307692307692307 0.4987980769230769 0.04326923076923077 0.019230769230769232
3 0.3641826923076923 0.5180288461538461 0.06129807692307692 0.025240384615384616
3 0.4050480769230769 0.6225961538461539 0.11778846153846154 0.06009615384615385
3 0.36658653846153844 0.49278846153846156 0.03365384615384615 0.02283653846153846
3 0.4951923076923077 0.7019230769230769 0.06850961538461539 0.1045673076923077
3 0.7055288461538461 0.5552884615384616 0.040865384615384616 0.038461538461538464
3 0.7692307692307693 0.6802884615384616 0.109375 0.0889423076923077
