3 0.484375 0.8701923076923077 0.1658653846153846 0.25600961538461536
3 0.9338942307692307 0.7403846153846154 0.056490384615384616 0.1201923076923077
3 0.5540865384615384 0.8137019230769231 0.02403846153846154 0.07091346153846154
3 0.5817307692307693 0.8617788461538461 0.02403846153846154 0.12980769230769232
3 0.5877403846153846 0.8149038461538461 0.019230769230769232 0.09254807692307693
3 0.5721153846153846 0.8221153846153846 0.014423076923076924 0.0733173076923077
3 0.9435096153846154 0.7403846153846154 0.02403846153846154 0.07572115384615384
3 0.9519230769230769 0.7307692307692307 0.016826923076923076 0.07692307692307693
3 0.9711538461538461 0.7403846153846154 0.021634615384615384 0.07932692307692307
3 0.9903846153846154 0.7439903846153846 0.019230769230769232 0.06971153846153846
