3 0.42908653846153844 0.8617788461538461 0.23197115384615385 0.27524038461538464
3 0.057692307692307696 0.8389423076923077 0.11538461538461539 0.3173076923076923
3 0.08653846153846154 0.6850961538461539 0.1658653846153846 0.28125
3 0.13581730769230768 0.5625 0.15985576923076922 0.21394230769230768
3 0.17307692307692307 0.45913461538461536 0.1502403846153846 0.15264423076923078
3 0.3016826923076923 0.42788461538461536 0.12740384615384615 0.13581730769230768
3 0.2980769230769231 0.8713942307692307 0.09975961538461539 0.25600961538461536
3 0.45072115384615385 0.42427884615384615 0.11177884615384616 0.10817307692307693
3 0.4723557692307692 0.4723557692307692 0.13581730769230768 0.17427884615384615
3 0.5084134615384616 0.546875 0.10576923076923077 0.21394230769230768
3 0.5192307692307693 0.6490384615384616 0.10697115384615384 0.25240384615384615
3 0.5528846153846154 0.7632211538461539 0.054086538461538464 0.31490384615384615
3 0.6971153846153846 0.2956730769230769 0.06490384615384616 0.08774038461538461
3 0.703125 0.3161057692307692 0.06971153846153846 0.11899038461538461
3 0.7596153846153846 0.33413461538461536 0.06971153846153846 0.10336538461538461
3 0.7776442307692307 0.22956730769230768 0.0733173076923077 0.08774038461538461
3 0.8076923076923077 0.3545673076923077 0.05889423076923077 0.06129807692307692
3 0.8100961538461539 0.2439903846153846 0.04447115384615385 0.09134615384615384
3 0.8064903846153846 0.30649038461538464 0.03365384615384615 0.027644230769230768
3 0.8076923076923077 0.17427884615384615 0.028846153846153848 0.042067307692307696
3 0.9194711538461539 0.21394230769230768 0.037259615384615384 0.03485576923076923
3 0.9663461538461539 0.0985576923076923 0.04807692307692308 0.04447115384615385
3 0.5757211538461539 0.6322115384615384 0.025240384615384616 0.08173076923076923
3 0.5396634615384616 0.6370192307692307 0.028846153846153848 0.07692307692307693
3 0.7728365384615384 0.25961538461538464 0.015625 0.038461538461538464
