3 0.4879807692307692 0.8016826923076923 0.27524038461538464 0.33653846153846156
3 0.16466346153846154 0.515625 0.039663461538461536 0.02403846153846154
3 0.3137019230769231 0.7716346153846154 0.09615384615384616 0.06490384615384616
3 0.35216346153846156 0.6670673076923077 0.11778846153846154 0.13701923076923078
3 0.40625 0.6346153846153846 0.11298076923076923 0.0829326923076923
3 0.43028846153846156 0.5372596153846154 0.013221153846153846 0.038461538461538464
3 0.6069711538461539 0.6105769230769231 0.08774038461538461 0.08774038461538461
3 0.6875 0.6899038461538461 0.10336538461538461 0.11658653846153846
3 0.7295673076923077 0.4951923076923077 0.030048076923076924 0.02403846153846154
3 0.9038461538461539 0.609375 0.037259615384615384 0.055288461538461536
3 0.9302884615384616 0.5072115384615384 0.025240384615384616 0.027644230769230768
3 0.5745192307692307 0.7319711538461539 0.028846153846153848 0.15264423076923078
3 0.30528846153846156 0.6478365384615384 0.021634615384615384 0.08774038461538461
3 0.265625 0.5600961538461539 0.052884615384615384 0.055288461538461536
3 0.3329326923076923 0.5552884615384616 0.06971153846153846 0.04927884615384615
3 0.39783653846153844 0.5516826923076923 0.04326923076923077 0.046875
