3 0.03245192307692308 0.8629807692307693 0.06490384615384616 0.15865384615384615
3 0.35096153846153844 0.8978365384615384 0.3942307692307692 0.20192307692307693
3 0.8557692307692307 0.49038461538461536 0.14182692307692307 0.15865384615384615
3 0.9314903846153846 0.8846153846153846 0.1346153846153846 0.18629807692307693
3 0.7896634615384616 0.9002403846153846 0.0673076923076923 0.19951923076923078
3 0.02283653846153846 0.8533653846153846 0.04567307692307692 0.27163461538461536
3 0.10096153846153846 0.9194711538461539 0.06129807692307692 0.16105769230769232
3 0.9483173076923077 0.2920673076923077 0.013221153846153846 0.052884615384615384
3 0.8125 0.30408653846153844 0.015625 0.06971153846153846
3 0.7788461538461539 0.4483173076923077 0.018028846153846152 0.1141826923076923
3 0.7487980769230769 0.40865384615384615 0.016826923076923076 0.04326923076923077
3 0.9807692307692307 0.9074519230769231 0.038461538461538464 0.18509615384615385
