3 0.41947115384615385 0.6983173076923077 0.234375 0.328125
3 0.028846153846153848 0.5096153846153846 0.056490384615384616 0.109375
3 0.04447115384615385 0.421875 0.0733173076923077 0.07091346153846154
3 0.052884615384615384 0.37259615384615385 0.04567307692307692 0.03485576923076923
3 0.13822115384615385 0.33774038461538464 0.030048076923076924 0.03485576923076923
3 0.1778846153846154 0.49038461538461536 0.09615384615384616 0.040865384615384616
3 0.15985576923076922 0.39903846153846156 0.03365384615384615 0.04447115384615385
3 0.2776442307692308 0.36899038461538464 0.027644230769230768 0.051682692307692304
3 0.328125 0.4182692307692308 0.0829326923076923 0.08052884615384616
3 0.3173076923076923 0.3581730769230769 0.040865384615384616 0.046875
3 0.4170673076923077 0.38822115384615385 0.06971153846153846 0.0733173076923077
3 0.4951923076923077 0.36177884615384615 0.06971153846153846 0.06610576923076923
3 0.6009615384615384 0.5408653846153846 0.16947115384615385 0.20552884615384615
3 0.5673076923076923 0.3485576923076923 0.06129807692307692 0.051682692307692304
3 0.7680288461538461 0.41346153846153844 0.1045673076923077 0.10817307692307693
