3 0.6069711538461539 0.703125 0.17427884615384615 0.24879807692307693
3 0.33653846153846156 0.6899038461538461 0.030048076923076924 0.0733173076923077
3 0.6694711538461539 0.6670673076923077 0.020432692307692308 0.07692307692307693
3 0.6298076923076923 0.5625 0.019230769230769232 0.051682692307692304
3 0.5889423076923077 0.4831730769230769 0.014423076923076924 0.04567307692307692
3 0.375 0.46153846153846156 0.01201923076923077 0.038461538461538464
3 0.37259615384615385 0.4230769230769231 0.01201923076923077 0.030048076923076924
3 0.5661057692307693 0.42908653846153844 0.010817307692307692 0.027644230769230768
3 0.3557692307692308 0.5552884615384616 0.018028846153846152 0.056490384615384616
3 0.359375 0.47475961538461536 0.015625 0.08052884615384616
3 0.33052884615384615 0.6213942307692307 0.020432692307692308 0.07572115384615384
