3 0.20072115384615385 0.6466346153846154 0.171875 0.24879807692307693
3 0.20192307692307693 0.45072115384615385 0.1141826923076923 0.14182692307692307
3 0.4807692307692308 0.7259615384615384 0.3401442307692308 0.3581730769230769
3 0.47836538461538464 0.4735576923076923 0.16346153846153846 0.16826923076923078
3 0.4735576923076923 0.34375 0.06370192307692307 0.08774038461538461
3 0.5625 0.3870192307692308 0.08413461538461539 0.08653846153846154
3 0.7536057692307693 0.37740384615384615 0.04807692307692308 0.03125
3 0.921875 0.8257211538461539 0.15625 0.3473557692307692
3 0.8858173076923077 0.3605769230769231 0.07932692307692307 0.09495192307692307
3 0.625 0.7920673076923077 0.052884615384615384 0.109375
3 0.2860576923076923 0.7055288461538461 0.04326923076923077 0.10697115384615384
