3 0.0829326923076923 0.359375 0.06490384615384616 0.05889423076923077
3 0.12139423076923077 0.3798076923076923 0.06009615384615385 0.078125
3 0.25600961538461536 0.6358173076923077 0.19471153846153846 0.16947115384615385
3 0.5288461538461539 0.7463942307692307 0.24879807692307693 0.25961538461538464
3 0.4987980769230769 0.5853365384615384 0.16947115384615385 0.09615384615384616
3 0.7259615384615384 0.6454326923076923 0.056490384615384616 0.17427884615384615
3 0.3125 0.7572115384615384 0.04567307692307692 0.24639423076923078
3 0.2668269230769231 0.7043269230769231 0.037259615384615384 0.18990384615384615
3 0.6298076923076923 0.7163461538461539 0.03245192307692308 0.11298076923076923
3 0.22115384615384615 0.6622596153846154 0.026442307692307692 0.14903846153846154
