3 0.7271634615384616 0.8990384615384616 0.19471153846153846 0.20192307692307693
3 0.1346153846153846 0.7475961538461539 0.03485576923076923 0.03125
3 0.14302884615384615 0.7716346153846154 0.02403846153846154 0.027644230769230768
3 0.22235576923076922 0.7367788461538461 0.025240384615384616 0.026442307692307692
3 0.24639423076923078 0.7367788461538461 0.021634615384615384 0.027644230769230768
3 0.3016826923076923 0.7512019230769231 0.02403846153846154 0.03245192307692308
3 0.3798076923076923 0.7055288461538461 0.038461538461538464 0.037259615384615384
3 0.39783653846153844 0.6418269230769231 0.028846153846153848 0.027644230769230768
3 0.42427884615384615 0.7115384615384616 0.036057692307692304 0.021634615384615384
3 0.4855769230769231 0.6923076923076923 0.007211538461538462 0.025240384615384616
3 0.4951923076923077 0.7151442307692307 0.021634615384615384 0.028846153846153848
3 0.5264423076923077 0.6742788461538461 0.014423076923076924 0.016826923076923076
3 0.5564903846153846 0.7079326923076923 0.025240384615384616 0.03485576923076923
3 0.6117788461538461 0.6574519230769231 0.018028846153846152 0.018028846153846152
3 0.7019230769230769 0.640625 0.014423076923076924 0.026442307692307692
3 0.9086538461538461 0.5961538461538461 0.009615384615384616 0.028846153846153848
3 0.9567307692307693 0.6057692307692307 0.030048076923076924 0.04326923076923077
