3 0.22716346153846154 0.7211538461538461 0.4543269230769231 0.5528846153846154
3 0.49038461538461536 0.421875 0.04807692307692308 0.11538461538461539
3 0.8149038461538461 0.5108173076923077 0.021634615384615384 0.04447115384615385
3 0.7716346153846154 0.4651442307692308 0.013221153846153846 0.020432692307692308
3 0.7307692307692307 0.4651442307692308 0.019230769230769232 0.052884615384615384
3 0.7175480769230769 0.4495192307692308 0.02403846153846154 0.052884615384615384
3 0.6598557692307693 0.38341346153846156 0.014423076923076924 0.020432692307692308
3 0.6382211538461539 0.36899038461538464 0.016826923076923076 0.015625
3 0.6201923076923077 0.3641826923076923 0.014423076923076924 0.010817307692307692
3 0.6129807692307693 0.3557692307692308 0.01201923076923077 0.018028846153846152
3 0.24158653846153846 0.19230769230769232 0.021634615384615384 0.051682692307692304
3 0.20793269230769232 0.12860576923076922 0.016826923076923076 0.025240384615384616
3 0.19591346153846154 0.12379807692307693 0.013221153846153846 0.018028846153846152
3 0.21995192307692307 0.16826923076923078 0.019230769230769232 0.039663461538461536
