3 0.703125 0.7019230769230769 0.18028846153846154 0.2860576923076923
3 0.6201923076923077 0.21754807692307693 0.06009615384615385 0.06610576923076923
3 0.75 0.3401442307692308 0.14423076923076922 0.18509615384615385
3 0.9026442307692307 0.14543269230769232 0.078125 0.09495192307692307
3 0.9266826923076923 0.11899038461538461 0.10697115384615384 0.08533653846153846
3 0.9555288461538461 0.5348557692307693 0.08653846153846154 0.19591346153846154
3 0.9915865384615384 0.14302884615384615 0.016826923076923076 0.08653846153846154
3 0.41346153846153844 0.5829326923076923 0.15985576923076922 0.26802884615384615
3 0.4987980769230769 0.7584134615384616 0.23557692307692307 0.35697115384615385
3 0.5817307692307693 0.546875 0.20072115384615385 0.17908653846153846
3 0.3762019230769231 0.30649038461538464 0.015625 0.10697115384615384
