3 0.27884615384615385 0.5757211538461539 0.171875 0.2439903846153846
3 0.09134615384615384 0.5841346153846154 0.15384615384615385 0.07692307692307693
3 0.078125 0.3605769230769231 0.06490384615384616 0.07572115384615384
3 0.37259615384615385 0.41466346153846156 0.12259615384615384 0.11177884615384616
3 0.4387019230769231 0.34375 0.06009615384615385 0.06971153846153846
3 0.6057692307692307 0.4375 0.13221153846153846 0.12860576923076922
3 0.5769230769230769 0.35336538461538464 0.056490384615384616 0.04447115384615385
3 0.578125 0.3161057692307692 0.04447115384615385 0.025240384615384616
3 0.8269230769230769 0.35336538461538464 0.0733173076923077 0.056490384615384616
3 0.016826923076923076 0.4963942307692308 0.027644230769230768 0.10697115384615384
3 0.171875 0.3641826923076923 0.018028846153846152 0.055288461538461536
3 0.3161057692307692 0.33533653846153844 0.014423076923076924 0.05048076923076923
3 0.3629807692307692 0.33774038461538464 0.01201923076923077 0.04927884615384615
3 0.3858173076923077 0.30649038461538464 0.013221153846153846 0.051682692307692304
3 0.49158653846153844 0.35216346153846156 0.014423076923076924 0.051682692307692304
3 0.5516826923076923 0.4326923076923077 0.021634615384615384 0.0733173076923077
3 0.7776442307692307 0.3425480769230769 0.016826923076923076 0.052884615384615384
3 0.39663461538461536 0.6454326923076923 0.028846153846153848 0.09014423076923077
