3 0.003605769230769231 0.4423076923076923 0.007211538461538462 0.04567307692307692
3 0.028846153846153848 0.5949519230769231 0.056490384615384616 0.11057692307692307
3 0.09375 0.421875 0.027644230769230768 0.027644230769230768
3 0.09735576923076923 0.45913461538461536 0.03245192307692308 0.051682692307692304
3 0.140625 0.5504807692307693 0.11177884615384616 0.10817307692307693
3 0.12740384615384615 0.39302884615384615 0.019230769230769232 0.028846153846153848
3 0.1778846153846154 0.4483173076923077 0.052884615384615384 0.05048076923076923
3 0.1814903846153846 0.38341346153846156 0.018028846153846152 0.03245192307692308
3 0.27283653846153844 0.5012019230769231 0.08653846153846154 0.08533653846153846
3 0.26802884615384615 0.421875 0.05048076923076923 0.055288461538461536
3 0.2824519230769231 0.38341346153846156 0.02283653846153846 0.027644230769230768
3 0.3557692307692308 0.46875 0.07572115384615384 0.06610576923076923
3 0.3894230769230769 0.3918269230769231 0.02403846153846154 0.03245192307692308
3 0.43509615384615385 0.4387019230769231 0.06490384615384616 0.05889423076923077
3 0.48677884615384615 0.4182692307692308 0.052884615384615384 0.052884615384615384
3 0.5288461538461539 0.40384615384615385 0.04326923076923077 0.046875
3 0.6382211538461539 0.5985576923076923 0.14302884615384615 0.171875
3 0.6875 0.5288461538461539 0.11538461538461539 0.12620192307692307
3 0.7235576923076923 0.47836538461538464 0.08413461538461539 0.0985576923076923
3 0.7415865384615384 0.39783653846153844 0.04326923076923077 0.042067307692307696
