3 0.15264423076923078 0.7259615384615384 0.30288461538461536 0.25
3 0.08653846153846154 0.5456730769230769 0.02403846153846154 0.04567307692307692
3 0.16105769230769232 0.5360576923076923 0.027644230769230768 0.046875
3 0.18509615384615385 0.5300480769230769 0.021634615384615384 0.03485576923076923
3 0.32091346153846156 0.6274038461538461 0.14423076923076922 0.14182692307692307
3 0.1814903846153846 0.671875 0.030048076923076924 0.11177884615384616
3 0.36778846153846156 0.5576923076923077 0.02403846153846154 0.10336538461538461
3 0.3918269230769231 0.5504807692307693 0.015625 0.07451923076923077
3 0.3954326923076923 0.5204326923076923 0.009615384615384616 0.040865384615384616
3 0.4098557692307692 0.5180288461538461 0.009615384615384616 0.042067307692307696
3 0.125 0.5384615384615384 0.013221153846153846 0.05048076923076923
3 0.11057692307692307 0.5372596153846154 0.009615384615384616 0.04807692307692308
3 0.04447115384615385 0.5540865384615384 0.009615384615384616 0.037259615384615384
3 0.004807692307692308 0.5552884615384616 0.009615384615384616 0.03485576923076923
