3 0.7608173076923077 0.6394230769230769 0.3173076923076923 0.37740384615384615
3 0.8149038461538461 0.8064903846153846 0.037259615384615384 0.13581730769230768
3 0.5685096153846154 0.7439903846153846 0.028846153846153848 0.11538461538461539
3 0.5420673076923077 0.7355769230769231 0.026442307692307692 0.109375
3 0.5084134615384616 0.7271634615384616 0.028846153846153848 0.10817307692307693
3 0.47716346153846156 0.7259615384615384 0.02403846153846154 0.10697115384615384
3 0.44591346153846156 0.7307692307692307 0.02403846153846154 0.10817307692307693
3 0.4362980769230769 0.6802884615384616 0.019230769230769232 0.039663461538461536
3 0.41947115384615385 0.7475961538461539 0.028846153846153848 0.11778846153846154
3 0.4098557692307692 0.671875 0.02403846153846154 0.040865384615384616
3 0.3954326923076923 0.7403846153846154 0.021634615384615384 0.1141826923076923
3 0.37259615384615385 0.7271634615384616 0.026442307692307692 0.10817307692307693
3 0.34134615384615385 0.7367788461538461 0.026442307692307692 0.11298076923076923
3 0.3125 0.7235576923076923 0.02403846153846154 0.10576923076923077
3 0.2920673076923077 0.7127403846153846 0.018028846153846152 0.09375
3 0.2776442307692308 0.703125 0.019230769230769232 0.10096153846153846
3 0.26802884615384615 0.6935096153846154 0.020432692307692308 0.09134615384615384
3 0.30408653846153844 0.6646634615384616 0.02403846153846154 0.030048076923076924
