3 0.22716346153846154 0.6790865384615384 0.19471153846153846 0.25841346153846156
3 0.13822115384615385 0.5144230769230769 0.05048076923076923 0.07211538461538461
3 0.34975961538461536 0.5276442307692307 0.09014423076923077 0.1045673076923077
3 0.43509615384615385 0.5036057692307693 0.07451923076923077 0.06490384615384616
3 0.4891826923076923 0.6670673076923077 0.08653846153846154 0.1971153846153846
3 0.7415865384615384 0.5637019230769231 0.14903846153846154 0.18389423076923078
3 0.8665865384615384 0.5913461538461539 0.12259615384615384 0.11658653846153846
3 0.4338942307692308 0.7115384615384616 0.03485576923076923 0.16826923076923078
3 0.3329326923076923 0.5192307692307693 0.014423076923076924 0.054086538461538464
3 0.7644230769230769 0.5757211538461539 0.020432692307692308 0.052884615384615384
