3 0.7067307692307693 0.7860576923076923 0.5552884615384616 0.42788461538461536
3 0.2127403846153846 0.27524038461538464 0.054086538461538464 0.06850961538461539
3 0.359375 0.6706730769230769 0.15264423076923078 0.2932692307692308
3 0.3076923076923077 0.5336538461538461 0.03365384615384615 0.109375
3 0.328125 0.5456730769230769 0.013221153846153846 0.08774038461538461
3 0.46875 0.6899038461538461 0.26322115384615385 0.38221153846153844
3 0.5504807692307693 0.4026442307692308 0.09735576923076923 0.13942307692307693
3 0.8569711538461539 0.546875 0.2848557692307692 0.5625
3 0.8533653846153846 0.14783653846153846 0.06009615384615385 0.052884615384615384
3 0.9639423076923077 0.0829326923076923 0.07091346153846154 0.09975961538461539
3 0.375 0.6442307692307693 0.04927884615384615 0.09014423076923077
3 0.43990384615384615 0.5564903846153846 0.04807692307692308 0.13581730769230768
3 0.46033653846153844 0.4951923076923077 0.042067307692307696 0.09975961538461539
