3 0.28125 0.8329326923076923 0.265625 0.3161057692307692
3 0.6466346153846154 0.6838942307692307 0.15504807692307693 0.0889423076923077
3 0.6237980769230769 0.5216346153846154 0.037259615384615384 0.375
3 0.5877403846153846 0.5096153846153846 0.039663461538461536 0.38341346153846156
3 0.546875 0.5036057692307693 0.046875 0.39903846153846156
3 0.5024038461538461 0.4230769230769231 0.042067307692307696 0.2091346153846154
3 0.33413461538461536 0.4855769230769231 0.04326923076923077 0.33413461538461536
3 0.28846153846153844 0.4795673076923077 0.057692307692307696 0.34375
3 0.23798076923076922 0.4879807692307692 0.05048076923076923 0.3245192307692308
3 0.18990384615384615 0.5012019230769231 0.052884615384615384 0.32211538461538464
3 0.9663461538461539 0.6634615384615384 0.040865384615384616 0.16105769230769232
3 0.890625 0.6418269230769231 0.037259615384615384 0.07932692307692307
3 0.8389423076923077 0.65625 0.042067307692307696 0.08533653846153846
3 0.7740384615384616 0.6646634615384616 0.040865384615384616 0.07451923076923077
3 0.96875 0.8064903846153846 0.010817307692307692 0.1045673076923077
3 0.9579326923076923 0.8197115384615384 0.010817307692307692 0.08052884615384616
3 0.9507211538461539 0.796875 0.009615384615384616 0.10216346153846154
3 0.9411057692307693 0.8209134615384616 0.010817307692307692 0.07451923076923077
3 0.921875 0.8257211538461539 0.013221153846153846 0.07572115384615384
3 0.9074519230769231 0.8293269230769231 0.009615384615384616 0.10336538461538461
3 0.8990384615384616 0.8401442307692307 0.010817307692307692 0.10096153846153846
3 0.8834134615384616 0.8425480769230769 0.018028846153846152 0.1045673076923077
3 0.8617788461538461 0.8425480769230769 0.016826923076923076 0.1045673076923077
3 0.7800480769230769 0.8473557692307693 0.015625 0.10697115384615384
3 0.7608173076923077 0.8497596153846154 0.015625 0.10576923076923077
3 0.8497596153846154 0.8329326923076923 0.018028846153846152 0.10216346153846154
3 0.8377403846153846 0.8245192307692307 0.015625 0.0985576923076923
3 0.8257211538461539 0.8112980769230769 0.015625 0.09375
3 0.8125 0.8040865384615384 0.01201923076923077 0.08653846153846154
