3 0.5901442307692307 0.609375 0.29086538461538464 0.3894230769230769
3 0.028846153846153848 0.4362980769230769 0.057692307692307696 0.021634615384615384
3 0.030048076923076924 0.4170673076923077 0.06009615384615385 0.019230769230769232
3 0.038461538461538464 0.39783653846153844 0.055288461538461536 0.028846153846153848
3 0.08052884615384616 0.6754807692307693 0.09014423076923077 0.13221153846153846
3 0.08653846153846154 0.23798076923076922 0.05889423076923077 0.17307692307692307
3 0.13701923076923078 0.875 0.14302884615384615 0.24759615384615385
3 0.140625 0.5216346153846154 0.10697115384615384 0.1502403846153846
3 0.14783653846153846 0.6850961538461539 0.11658653846153846 0.09615384615384616
3 0.2127403846153846 0.9170673076923077 0.11177884615384616 0.1622596153846154
3 0.30649038461538464 0.3545673076923077 0.1502403846153846 0.10817307692307693
3 0.39903846153846156 0.4182692307692308 0.08173076923076923 0.16706730769230768
3 0.4891826923076923 0.5 0.12259615384615384 0.2536057692307692
3 0.5600961538461539 0.15504807692307693 0.036057692307692304 0.12259615384615384
3 0.7403846153846154 0.7824519230769231 0.2247596153846154 0.14182692307692307
3 0.7800480769230769 0.203125 0.0829326923076923 0.17427884615384615
3 0.8930288461538461 0.8365384615384616 0.21153846153846154 0.3245192307692308
3 0.9254807692307693 0.2091346153846154 0.14543269230769232 0.2776442307692308
