3 0.30408653846153844 0.8257211538461539 0.3485576923076923 0.3449519230769231
3 0.49158653846153844 0.6286057692307693 0.23677884615384615 0.32572115384615385
3 0.7235576923076923 0.3918269230769231 0.140625 0.16947115384615385
3 0.8088942307692307 0.33533653846153844 0.12620192307692307 0.14423076923076922
3 0.037259615384615384 0.32091346153846156 0.02283653846153846 0.078125
3 0.23677884615384615 0.35336538461538464 0.03245192307692308 0.14903846153846154
3 0.27283653846153844 0.3918269230769231 0.025240384615384616 0.10336538461538461
3 0.7872596153846154 0.2764423076923077 0.021634615384615384 0.10576923076923077
3 0.71875 0.45913461538461536 0.025240384615384616 0.1466346153846154
3 0.7259615384615384 0.5180288461538461 0.03125 0.11899038461538461
3 0.49038461538461536 0.7536057692307693 0.042067307692307696 0.17908653846153846
3 0.4026442307692308 0.7211538461538461 0.042067307692307696 0.19951923076923078
