3 0.3329326923076923 0.8100961538461539 0.10576923076923077 0.17427884615384615
3 0.0829326923076923 0.5396634615384616 0.04567307692307692 0.06129807692307692
3 0.15745192307692307 0.7235576923076923 0.07692307692307693 0.1141826923076923
3 0.15865384615384615 0.46153846153846156 0.008413461538461538 0.025240384615384616
3 0.2283653846153846 0.49759615384615385 0.06129807692307692 0.056490384615384616
3 0.32211538461538464 0.4483173076923077 0.02403846153846154 0.04807692307692308
3 0.35096153846153844 0.4651442307692308 0.055288461538461536 0.051682692307692304
3 0.34975961538461536 0.43028846153846156 0.037259615384615384 0.03125
3 0.4026442307692308 0.6153846153846154 0.08774038461538461 0.0985576923076923
3 0.5120192307692307 0.44591346153846156 0.03485576923076923 0.037259615384615384
3 0.640625 0.9146634615384616 0.20432692307692307 0.16706730769230768
3 0.5949519230769231 0.5396634615384616 0.056490384615384616 0.078125
3 0.5973557692307693 0.6778846153846154 0.04807692307692308 0.08653846153846154
3 0.6995192307692307 0.5084134615384616 0.052884615384615384 0.06610576923076923
3 0.7463942307692307 0.6862980769230769 0.13822115384615385 0.09615384615384616
3 0.7824519230769231 0.4639423076923077 0.018028846153846152 0.025240384615384616
3 0.8449519230769231 0.5228365384615384 0.06009615384615385 0.0673076923076923
3 0.8557692307692307 0.47836538461538464 0.040865384615384616 0.038461538461538464
3 0.8978365384615384 0.6057692307692307 0.07572115384615384 0.10576923076923077
3 0.9387019230769231 0.4795673076923077 0.027644230769230768 0.039663461538461536
