3 0.32091346153846156 0.8161057692307693 0.32091346153846156 0.328125
3 0.057692307692307696 0.4182692307692308 0.09014423076923077 0.06490384615384616
3 0.109375 0.43149038461538464 0.07091346153846154 0.04567307692307692
3 0.17427884615384615 0.4326923076923077 0.07211538461538461 0.04567307692307692
3 0.45072115384615385 0.6598557692307693 0.15625 0.14302884615384615
3 0.1310096153846154 0.890625 0.06850961538461539 0.21875
3 0.9855769230769231 0.6598557692307693 0.028846153846153848 0.14903846153846154
3 0.9807692307692307 0.59375 0.021634615384615384 0.11298076923076923
3 0.2692307692307692 0.4266826923076923 0.013221153846153846 0.052884615384615384
3 0.027644230769230768 0.421875 0.013221153846153846 0.052884615384615384
