3 0.04447115384615385 0.4423076923076923 0.08774038461538461 0.09975961538461539
3 0.08774038461538461 0.8076923076923077 0.17307692307692307 0.38341346153846156
3 0.19110576923076922 0.6574519230769231 0.3137019230769231 0.35096153846153844
3 0.28966346153846156 0.47596153846153844 0.054086538461538464 0.140625
3 0.203125 0.5661057692307693 0.03485576923076923 0.12980769230769232
3 0.19471153846153846 0.4579326923076923 0.02283653846153846 0.07692307692307693
3 0.8112980769230769 0.45072115384615385 0.016826923076923076 0.0625
3 0.7932692307692307 0.4519230769230769 0.013221153846153846 0.05889423076923077
3 0.7800480769230769 0.4387019230769231 0.013221153846153846 0.03125
3 0.31850961538461536 0.46634615384615385 0.015625 0.0829326923076923
