3 0.5180288461538461 0.6382211538461539 0.2956730769230769 0.2932692307692308
3 0.07451923076923077 0.8293269230769231 0.14903846153846154 0.234375
3 0.16105769230769232 0.8882211538461539 0.0625 0.22355769230769232
3 0.2848557692307692 0.7211538461538461 0.040865384615384616 0.2091346153846154
3 0.6622596153846154 0.6899038461538461 0.039663461538461536 0.19230769230769232
3 0.9807692307692307 0.6622596153846154 0.038461538461538464 0.18990384615384615
3 0.9471153846153846 0.18990384615384615 0.013221153846153846 0.056490384615384616
3 0.9350961538461539 0.23677884615384615 0.015625 0.07091346153846154
3 0.8762019230769231 0.2548076923076923 0.014423076923076924 0.07932692307692307
3 0.8858173076923077 0.2536057692307692 0.014423076923076924 0.078125
3 0.8269230769230769 0.25600961538461536 0.016826923076923076 0.0625
3 0.8617788461538461 0.19110576923076922 0.013221153846153846 0.06129807692307692
3 0.6370192307692307 0.234375 0.02403846153846154 0.078125
3 0.5576923076923077 0.2548076923076923 0.014423076923076924 0.06610576923076923
3 0.5516826923076923 0.17067307692307693 0.014423076923076924 0.039663461538461536
3 0.14423076923076922 0.22355769230769232 0.015625 0.06850961538461539
3 0.36658653846153844 0.234375 0.01201923076923077 0.06610576923076923
3 0.38100961538461536 0.234375 0.018028846153846152 0.06370192307692307
3 0.7091346153846154 0.19951923076923078 0.010817307692307692 0.037259615384615384
3 0.6983173076923077 0.17548076923076922 0.013221153846153846 0.038461538461538464
