3 0.18389423076923078 0.6586538461538461 0.36778846153846156 0.53125
3 0.484375 0.16826923076923078 0.06971153846153846 0.33653846153846156
3 0.4362980769230769 0.5997596153846154 0.08173076923076923 0.41225961538461536
3 0.9026442307692307 0.20673076923076922 0.109375 0.14903846153846154
3 0.8882211538461539 0.12139423076923077 0.10336538461538461 0.1346153846153846
3 0.9242788461538461 0.07572115384615384 0.10336538461538461 0.15144230769230768
3 0.9507211538461539 0.06370192307692307 0.0985576923076923 0.12740384615384615
3 0.9675480769230769 0.04567307692307692 0.06490384615384616 0.09134615384615384
3 0.9867788461538461 0.018028846153846152 0.026442307692307692 0.036057692307692304
3 0.49399038461538464 0.9326923076923077 0.17307692307692307 0.1346153846153846
