3 0.9519230769230769 0.6201923076923077 0.07451923076923077 0.13341346153846154
3 0.15144230769230768 0.6418269230769231 0.07692307692307693 0.13341346153846154
3 0.22596153846153846 0.71875 0.09975961538461539 0.17067307692307693
3 0.32211538461538464 0.78125 0.21514423076923078 0.17067307692307693
3 0.47836538461538464 0.45072115384615385 0.04927884615384615 0.052884615384615384
3 0.8521634615384616 0.5829326923076923 0.11057692307692307 0.11298076923076923
3 0.4495192307692308 0.7728365384615384 0.036057692307692304 0.1875
3 0.33653846153846156 0.6730769230769231 0.03245192307692308 0.15504807692307693
3 0.36899038461538464 0.65625 0.028846153846153848 0.125
3 0.39663461538461536 0.6586538461538461 0.025240384615384616 0.10336538461538461
3 0.29086538461538464 0.7139423076923077 0.04567307692307692 0.203125
3 0.21514423076923078 0.6430288461538461 0.03365384615384615 0.14423076923076922
3 0.2247596153846154 0.59375 0.030048076923076924 0.09375
