3 0.7127403846153846 0.8449519230769231 0.18629807692307693 0.20432692307692307
3 0.9326923076923077 0.7319711538461539 0.021634615384615384 0.1045673076923077
3 0.8533653846153846 0.5973557692307693 0.008413461538461538 0.040865384615384616
3 0.7487980769230769 0.6069711538461539 0.009615384615384616 0.038461538461538464
3 0.8064903846153846 0.6009615384615384 0.008413461538461538 0.038461538461538464
3 0.8076923076923077 0.5745192307692307 0.008413461538461538 0.018028846153846152
3 0.7259615384615384 0.5757211538461539 0.008413461538461538 0.038461538461538464
3 0.6586538461538461 0.5685096153846154 0.007211538461538462 0.038461538461538464
3 0.6274038461538461 0.5612980769230769 0.006009615384615385 0.030048076923076924
3 0.5444711538461539 0.5492788461538461 0.006009615384615385 0.025240384615384616
3 0.53125 0.5480769230769231 0.006009615384615385 0.025240384615384616
3 0.7259615384615384 0.7716346153846154 0.020432692307692308 0.078125
3 0.3629807692307692 0.546875 0.006009615384615385 0.02283653846153846
3 0.31850961538461536 0.5504807692307693 0.004807692307692308 0.026442307692307692
3 0.2932692307692308 0.5504807692307693 0.004807692307692308 0.026442307692307692
3 0.25841346153846156 0.6262019230769231 0.013221153846153846 0.056490384615384616
3 0.2403846153846154 0.6442307692307693 0.013221153846153846 0.0625
3 0.23317307692307693 0.5961538461538461 0.008413461538461538 0.042067307692307696
3 0.22235576923076922 0.6021634615384616 0.008413461538461538 0.039663461538461536
3 0.2247596153846154 0.5889423076923077 0.007211538461538462 0.042067307692307696
3 0.21634615384615385 0.5793269230769231 0.008413461538461538 0.03365384615384615
3 0.20793269230769232 0.5757211538461539 0.009615384615384616 0.037259615384615384
3 0.19471153846153846 0.5661057692307693 0.008413461538461538 0.027644230769230768
3 0.18870192307692307 0.5649038461538461 0.006009615384615385 0.03125
3 0.18389423076923078 0.5805288461538461 0.036057692307692304 0.04567307692307692
