3 0.4338942307692308 0.7331730769230769 0.39663461538461536 0.5336538461538461
3 0.59375 0.36658653846153844 0.16346153846153846 0.16466346153846154
3 0.828125 0.75 0.34134615384615385 0.4987980769230769
3 0.7151442307692307 0.27283653846153844 0.0985576923076923 0.12379807692307693
3 0.7788461538461539 0.22716346153846154 0.04567307692307692 0.09254807692307693
3 0.8617788461538461 0.24879807692307693 0.09615384615384616 0.08774038461538461
3 0.9206730769230769 0.3016826923076923 0.06490384615384616 0.12860576923076922
3 0.9423076923076923 0.40024038461538464 0.040865384615384616 0.18509615384615385
3 0.9663461538461539 0.25841346153846156 0.06490384615384616 0.11538461538461539
3 0.9771634615384616 0.47716346153846156 0.04447115384615385 0.15384615384615385
3 0.9855769230769231 0.35697115384615385 0.027644230769230768 0.16706730769230768
