3 0.6105769230769231 0.65625 0.14543269230769232 0.23317307692307693
3 0.6141826923076923 0.7632211538461539 0.47115384615384615 0.47115384615384615
3 0.48677884615384615 0.6826923076923077 0.09615384615384616 0.12860576923076922
3 0.6706730769230769 0.5492788461538461 0.0625 0.10817307692307693
3 0.7319711538461539 0.5540865384615384 0.08413461538461539 0.11899038461538461
3 0.7740384615384616 0.49158653846153844 0.040865384615384616 0.055288461538461536
3 0.42427884615384615 0.7091346153846154 0.051682692307692304 0.18028846153846154
3 0.484375 0.7007211538461539 0.037259615384615384 0.12379807692307693
3 0.5637019230769231 0.71875 0.04567307692307692 0.13942307692307693
3 0.6850961538461539 0.5625 0.021634615384615384 0.07211538461538461
