3 0.23076923076923078 0.6310096153846154 0.17307692307692307 0.32211538461538464
3 0.3389423076923077 0.7548076923076923 0.20192307692307693 0.4050480769230769
3 0.48197115384615385 0.5985576923076923 0.21995192307692307 0.32211538461538464
3 0.5588942307692307 0.4735576923076923 0.09615384615384616 0.22716346153846154
3 0.8581730769230769 0.15264423076923078 0.04567307692307692 0.05889423076923077
3 0.8737980769230769 0.18870192307692307 0.06490384615384616 0.08653846153846154
3 0.9002403846153846 0.13221153846153846 0.040865384615384616 0.03245192307692308
3 0.9867788461538461 0.19591346153846154 0.02403846153846154 0.06971153846153846
3 0.15144230769230768 0.49278846153846156 0.0673076923076923 0.20552884615384615
3 0.234375 0.4411057692307692 0.12740384615384615 0.15745192307692307
3 0.36778846153846156 0.36778846153846156 0.140625 0.16706730769230768
3 0.4807692307692308 0.31971153846153844 0.09375 0.1141826923076923
3 0.5576923076923077 0.2956730769230769 0.09615384615384616 0.11778846153846154
3 0.640625 0.33533653846153844 0.08653846153846154 0.10697115384615384
