3 0.703125 0.8245192307692307 0.4182692307692308 0.29086538461538464
3 0.009615384615384616 0.234375 0.018028846153846152 0.08052884615384616
3 0.03365384615384615 0.45072115384615385 0.06610576923076923 0.1875
3 0.04807692307692308 0.203125 0.06610576923076923 0.07932692307692307
3 0.13942307692307693 0.9555288461538461 0.18028846153846154 0.08653846153846154
3 0.3425480769230769 0.8497596153846154 0.2776442307692308 0.3004807692307692
3 0.2439903846153846 0.39663461538461536 0.06850961538461539 0.09254807692307693
3 0.4795673076923077 0.22355769230769232 0.09254807692307693 0.09375
3 0.8485576923076923 0.3088942307692308 0.14423076923076922 0.13942307692307693
3 0.9723557692307693 0.2824519230769231 0.055288461538461536 0.06490384615384616
