3 0.4387019230769231 0.7067307692307693 0.20552884615384615 0.15384615384615385
3 0.10576923076923077 0.5973557692307693 0.09495192307692307 0.0673076923076923
3 0.18389423076923078 0.9254807692307693 0.13701923076923078 0.14783653846153846
3 0.16346153846153846 0.546875 0.08052884615384616 0.109375
3 0.21875 0.5649038461538461 0.12379807692307693 0.1141826923076923
3 0.30649038461538464 0.5168269230769231 0.08413461538461539 0.0733173076923077
3 0.49399038461538464 0.5228365384615384 0.051682692307692304 0.055288461538461536
3 0.6610576923076923 0.9086538461538461 0.21995192307692307 0.18269230769230768
3 0.6586538461538461 0.7427884615384616 0.15384615384615385 0.078125
3 0.30528846153846156 0.9074519230769231 0.04807692307692308 0.18509615384615385
3 0.34134615384615385 0.6959134615384616 0.03125 0.13581730769230768
