3 0.8569711538461539 0.890625 0.18990384615384615 0.21875
3 0.14182692307692307 0.43509615384615385 0.007211538461538462 0.013221153846153846
3 0.23317307692307693 0.40865384615384615 0.014423076923076924 0.013221153846153846
3 0.3076923076923077 0.4326923076923077 0.02403846153846154 0.027644230769230768
3 0.32091346153846156 0.5552884615384616 0.03245192307692308 0.0673076923076923
3 0.37740384615384615 0.6418269230769231 0.10697115384615384 0.11177884615384616
3 0.3798076923076923 0.5697115384615384 0.05889423076923077 0.051682692307692304
3 0.3629807692307692 0.40865384615384615 0.018028846153846152 0.020432692307692308
3 0.41225961538461536 0.4543269230769231 0.03245192307692308 0.027644230769230768
3 0.4338942307692308 0.5540865384615384 0.06009615384615385 0.06971153846153846
3 0.49038461538461536 0.6310096153846154 0.07451923076923077 0.09375
3 0.47836538461538464 0.5733173076923077 0.046875 0.03365384615384615
3 0.5901442307692307 0.4014423076923077 0.014423076923076924 0.016826923076923076
3 0.6862980769230769 0.4387019230769231 0.028846153846153848 0.027644230769230768
3 0.7692307692307693 0.7475961538461539 0.1622596153846154 0.15865384615384615
3 0.7860576923076923 0.38822115384615385 0.015625 0.015625
3 0.8401442307692307 0.5204326923076923 0.056490384615384616 0.057692307692307696
3 0.8882211538461539 0.5204326923076923 0.038461538461538464 0.052884615384615384
