3 0.15745192307692307 0.9134615384615384 0.13221153846153846 0.14182692307692307
3 0.054086538461538464 0.44350961538461536 0.025240384615384616 0.028846153846153848
3 0.08052884615384616 0.4495192307692308 0.025240384615384616 0.042067307692307696
3 0.09735576923076923 0.47115384615384615 0.038461538461538464 0.05048076923076923
3 0.14302884615384615 0.4651442307692308 0.038461538461538464 0.055288461538461536
3 0.14302884615384615 0.2127403846153846 0.030048076923076924 0.04807692307692308
3 0.15865384615384615 0.17548076923076922 0.02283653846153846 0.03485576923076923
3 0.16105769230769232 0.4411057692307692 0.021634615384615384 0.038461538461538464
3 0.16947115384615385 0.421875 0.015625 0.02403846153846154
3 0.19110576923076922 0.40865384615384615 0.015625 0.026442307692307692
3 0.3161057692307692 0.8677884615384616 0.12860576923076922 0.12139423076923077
3 0.33774038461538464 0.46153846153846156 0.036057692307692304 0.056490384615384616
3 0.41947115384615385 0.8485576923076923 0.09975961538461539 0.09375
3 0.5432692307692307 0.5877403846153846 0.04447115384615385 0.06009615384615385
3 0.5769230769230769 0.5540865384615384 0.03125 0.037259615384615384
3 0.6117788461538461 0.7992788461538461 0.04326923076923077 0.04807692307692308
3 0.6274038461538461 0.6201923076923077 0.07451923076923077 0.09014423076923077
3 0.6430288461538461 0.3112980769230769 0.09495192307692307 0.14182692307692307
3 0.6478365384615384 0.9086538461538461 0.08653846153846154 0.1466346153846154
3 0.6394230769230769 0.8401442307692307 0.04447115384615385 0.06610576923076923
3 0.6983173076923077 0.53125 0.038461538461538464 0.038461538461538464
3 0.7139423076923077 0.7932692307692307 0.027644230769230768 0.02403846153846154
3 0.7427884615384616 0.7872596153846154 0.03125 0.02403846153846154
3 0.7451923076923077 0.5168269230769231 0.03365384615384615 0.030048076923076924
3 0.7860576923076923 0.7932692307692307 0.025240384615384616 0.037259615384615384
3 0.8161057692307693 0.8016826923076923 0.037259615384615384 0.04326923076923077
3 0.8353365384615384 0.6334134615384616 0.052884615384615384 0.07572115384615384
3 0.8533653846153846 0.8052884615384616 0.03365384615384615 0.04326923076923077
3 0.8942307692307693 0.8149038461538461 0.039663461538461536 0.05048076923076923
3 0.9254807692307693 0.8088942307692307 0.04567307692307692 0.04326923076923077
3 0.9699519230769231 0.8245192307692307 0.039663461538461536 0.04326923076923077
3 0.33533653846153844 0.8954326923076923 0.036057692307692304 0.17307692307692307
3 0.7367788461538461 0.30649038461538464 0.02283653846153846 0.11298076923076923
3 0.8605769230769231 0.27524038461538464 0.019230769230769232 0.10096153846153846
