3 0.026442307692307692 0.44350961538461536 0.052884615384615384 0.07451923076923077
3 0.037259615384615384 0.5793269230769231 0.07451923076923077 0.13581730769230768
3 0.22115384615384615 0.5913461538461539 0.12740384615384615 0.140625
3 0.19471153846153846 0.38461538461538464 0.04807692307692308 0.054086538461538464
3 0.25 0.4519230769230769 0.07692307692307693 0.07932692307692307
3 0.2848557692307692 0.3858173076923077 0.038461538461538464 0.054086538461538464
3 0.2848557692307692 0.3473557692307692 0.030048076923076924 0.025240384615384616
3 0.34134615384615385 0.35216346153846156 0.019230769230769232 0.042067307692307696
3 0.38341346153846156 0.4579326923076923 0.06129807692307692 0.08533653846153846
3 0.44711538461538464 0.6310096153846154 0.125 0.1622596153846154
3 0.4266826923076923 0.3545673076923077 0.03245192307692308 0.04567307692307692
3 0.46875 0.3942307692307692 0.055288461538461536 0.051682692307692304
3 0.5168269230769231 0.46033653846153844 0.0733173076923077 0.08413461538461539
3 0.5 0.3125 0.037259615384615384 0.027644230769230768
3 0.546875 0.3137019230769231 0.028846153846153848 0.027644230769230768
3 0.5901442307692307 0.35096153846153844 0.03245192307692308 0.038461538461538464
3 0.5913461538461539 0.390625 0.027644230769230768 0.04447115384615385
3 0.6057692307692307 0.3088942307692308 0.03245192307692308 0.028846153846153848
3 0.6790865384615384 0.6478365384615384 0.11899038461538461 0.1658653846153846
3 0.6790865384615384 0.3918269230769231 0.04927884615384615 0.05889423076923077
3 0.9447115384615384 0.6586538461538461 0.10817307692307693 0.17908653846153846
