3 0.5444711538461539 0.7836538461538461 0.3449519230769231 0.4014423076923077
3 0.06850961538461539 0.39783653846153844 0.13701923076923078 0.0673076923076923
3 0.3557692307692308 0.4735576923076923 0.22596153846153846 0.11298076923076923
3 0.38100961538461536 0.5564903846153846 0.14302884615384615 0.2091346153846154
3 0.7319711538461539 0.3473557692307692 0.05889423076923077 0.0733173076923077
3 0.5504807692307693 0.5973557692307693 0.037259615384615384 0.15144230769230768
3 0.4891826923076923 0.6983173076923077 0.042067307692307696 0.1875
3 0.640625 0.3329326923076923 0.015625 0.040865384615384616
3 0.04447115384615385 0.27884615384615385 0.01201923076923077 0.056490384615384616
3 0.07451923076923077 0.27163461538461536 0.010817307692307692 0.056490384615384616
3 0.19110576923076922 0.41586538461538464 0.019230769230769232 0.06370192307692307
