3 0.38461538461538464 0.5721153846153846 0.20432692307692307 0.22596153846153846
3 0.020432692307692308 0.40625 0.040865384615384616 0.07692307692307693
3 0.19831730769230768 0.36658653846153844 0.03245192307692308 0.04447115384615385
3 0.31971153846153844 0.5336538461538461 0.08653846153846154 0.13221153846153846
3 0.4026442307692308 0.47836538461538464 0.11057692307692307 0.03245192307692308
3 0.3737980769230769 0.3473557692307692 0.028846153846153848 0.06971153846153846
3 0.5588942307692307 0.5697115384615384 0.18509615384615385 0.18629807692307693
3 0.5588942307692307 0.5192307692307693 0.12379807692307693 0.10576923076923077
3 0.6538461538461539 0.4230769230769231 0.07211538461538461 0.08533653846153846
3 0.6574519230769231 0.515625 0.036057692307692304 0.12379807692307693
3 0.48677884615384615 0.6105769230769231 0.03365384615384615 0.14302884615384615
3 0.27163461538461536 0.5817307692307693 0.028846153846153848 0.13701923076923078
3 0.5144230769230769 0.6045673076923077 0.02283653846153846 0.140625
3 0.6105769230769231 0.5300480769230769 0.025240384615384616 0.09134615384615384
3 0.23677884615384615 0.3798076923076923 0.015625 0.0673076923076923
