3 0.1045673076923077 0.8569711538461539 0.18629807692307693 0.27884615384615385
3 0.014423076923076924 0.5865384615384616 0.028846153846153848 0.10576923076923077
3 0.03485576923076923 0.6430288461538461 0.06971153846153846 0.13701923076923078
3 0.038461538461538464 0.7307692307692307 0.07692307692307693 0.22115384615384615
3 0.15384615384615385 0.4519230769230769 0.03365384615384615 0.052884615384615384
3 0.32572115384615385 0.44471153846153844 0.016826923076923076 0.026442307692307692
3 0.35096153846153844 0.5216346153846154 0.03365384615384615 0.06971153846153846
3 0.359375 0.4519230769230769 0.037259615384615384 0.052884615384615384
3 0.44350961538461536 0.5661057692307693 0.06610576923076923 0.06610576923076923
3 0.5348557692307693 0.45913461538461536 0.016826923076923076 0.014423076923076924
3 0.6009615384615384 0.5973557692307693 0.0985576923076923 0.12259615384615384
3 0.5961538461538461 0.47836538461538464 0.028846153846153848 0.03125
3 0.671875 0.5108173076923077 0.05048076923076923 0.0673076923076923
3 0.7055288461538461 0.6262019230769231 0.0625 0.09375
3 0.8028846153846154 0.5408653846153846 0.06129807692307692 0.08533653846153846
