3 0.23197115384615385 0.7680288461538461 0.46274038461538464 0.46153846153846156
3 0.046875 0.4266826923076923 0.04447115384615385 0.04927884615384615
3 0.15144230769230768 0.4326923076923077 0.042067307692307696 0.03485576923076923
3 0.1935096153846154 0.43990384615384615 0.040865384615384616 0.028846153846153848
3 0.3076923076923077 0.45072115384615385 0.038461538461538464 0.04447115384615385
3 0.49158653846153844 0.4723557692307692 0.04927884615384615 0.042067307692307696
3 0.515625 0.4807692307692308 0.037259615384615384 0.03365384615384615
3 0.703125 0.6189903846153846 0.18990384615384615 0.25
3 0.6947115384615384 0.5336538461538461 0.10336538461538461 0.09615384615384616
3 0.671875 0.7295673076923077 0.2764423076923077 0.3557692307692308
3 0.65625 0.6658653846153846 0.057692307692307696 0.20072115384615385
3 0.7848557692307693 0.5204326923076923 0.018028846153846152 0.056490384615384616
