3 0.6286057692307693 0.8774038461538461 0.546875 0.22115384615384615
3 0.41586538461538464 0.49759615384615385 0.18028846153846154 0.09975961538461539
3 0.48677884615384615 0.3954326923076923 0.11899038461538461 0.06129807692307692
3 0.6899038461538461 0.42427884615384615 0.15625 0.06610576923076923
3 0.7319711538461539 0.47475961538461536 0.13701923076923078 0.09495192307692307
3 0.4170673076923077 0.4338942307692308 0.025240384615384616 0.052884615384615384
3 0.8942307692307693 0.8653846153846154 0.08173076923076923 0.18509615384615385
3 0.7992788461538461 0.7872596153846154 0.0673076923076923 0.0985576923076923
3 0.5588942307692307 0.39783653846153844 0.025240384615384616 0.057692307692307696
3 0.6706730769230769 0.4074519230769231 0.019230769230769232 0.037259615384615384
3 0.3473557692307692 0.6478365384615384 0.04447115384615385 0.06009615384615385
3 0.5168269230769231 0.5432692307692307 0.03365384615384615 0.051682692307692304
3 0.7439903846153846 0.5120192307692307 0.037259615384615384 0.037259615384615384
3 0.9362980769230769 0.6430288461538461 0.056490384615384616 0.0733173076923077
3 0.8257211538461539 0.6129807692307693 0.05048076923076923 0.06129807692307692
3 0.6802884615384616 0.49158653846153844 0.036057692307692304 0.07091346153846154
3 0.4074519230769231 0.640625 0.04927884615384615 0.0733173076923077
3 0.8353365384615384 0.6274038461538461 0.039663461538461536 0.0625
3 0.8521634615384616 0.7848557692307693 0.06490384615384616 0.09254807692307693
