3 0.4879807692307692 0.5192307692307693 0.5216346153846154 0.8317307692307693
3 0.078125 0.27403846153846156 0.15504807692307693 0.4723557692307692
3 0.23798076923076922 0.171875 0.06610576923076923 0.23918269230769232
3 0.1466346153846154 0.16947115384615385 0.0625 0.2512019230769231
3 0.2824519230769231 0.11778846153846154 0.0673076923076923 0.234375
3 0.2608173076923077 0.4170673076923077 0.06490384615384616 0.19831730769230768
3 0.31009615384615385 0.38341346153846156 0.06971153846153846 0.2127403846153846
3 0.7620192307692307 0.22596153846153846 0.06971153846153846 0.32211538461538464
3 0.6622596153846154 0.07211538461538461 0.04567307692307692 0.0829326923076923
3 0.7043269230769231 0.08413461538461539 0.04447115384615385 0.07692307692307693
