3 0.2512019230769231 0.5372596153846154 0.15384615384615385 0.11538461538461539
3 0.15745192307692307 0.8737980769230769 0.31490384615384615 0.24879807692307693
3 0.09375 0.5649038461538461 0.1466346153846154 0.11057692307692307
3 0.12379807692307693 0.5072115384615384 0.10096153846153846 0.0985576923076923
3 0.2932692307692308 0.5036057692307693 0.09615384615384616 0.0985576923076923
3 0.38461538461538464 0.7764423076923077 0.1935096153846154 0.2247596153846154
3 0.5685096153846154 0.5084134615384616 0.1346153846153846 0.10697115384615384
3 0.04927884615384615 0.5276442307692307 0.02283653846153846 0.09254807692307693
3 0.19591346153846154 0.5132211538461539 0.021634615384615384 0.11177884615384616
3 0.3641826923076923 0.5276442307692307 0.025240384615384616 0.0985576923076923
3 0.40865384615384615 0.5661057692307693 0.018028846153846152 0.028846153846153848
