3 0.140625 0.6742788461538461 0.11298076923076923 0.07451923076923077
3 0.2439903846153846 0.7115384615384616 0.19230769230769232 0.10336538461538461
3 0.4098557692307692 0.6201923076923077 0.09254807692307693 0.05048076923076923
3 0.5384615384615384 0.6610576923076923 0.16346153846153846 0.08413461538461539
3 0.6995192307692307 0.8497596153846154 0.2980769230769231 0.20072115384615385
3 0.875 0.71875 0.2091346153846154 0.09375
3 0.42788461538461536 0.7800480769230769 0.03365384615384615 0.07211538461538461
3 0.43028846153846156 0.7067307692307693 0.027644230769230768 0.06009615384615385
3 0.45552884615384615 0.7139423076923077 0.028846153846153848 0.06009615384615385
3 0.4338942307692308 0.6394230769230769 0.026442307692307692 0.046875
3 0.7355769230769231 0.6862980769230769 0.02283653846153846 0.052884615384615384
3 0.9507211538461539 0.7487980769230769 0.03485576923076923 0.06610576923076923
3 0.9867788461538461 0.7560096153846154 0.026442307692307692 0.06610576923076923
3 0.3269230769230769 0.7584134615384616 0.027644230769230768 0.04447115384615385
