3 0.4519230769230769 0.8197115384615384 0.26802884615384615 0.31009615384615385
3 0.051682692307692304 0.75 0.10336538461538461 0.22115384615384615
3 0.23197115384615385 0.8329326923076923 0.1466346153846154 0.20432692307692307
3 0.3173076923076923 0.609375 0.12740384615384615 0.10576923076923077
3 0.44711538461538464 0.5637019230769231 0.1502403846153846 0.10697115384615384
3 0.5084134615384616 0.5216346153846154 0.11177884615384616 0.0733173076923077
3 0.7055288461538461 0.6021634615384616 0.10817307692307693 0.14423076923076922
3 0.796875 0.5504807692307693 0.055288461538461536 0.09975961538461539
3 0.2932692307692308 0.78125 0.03365384615384615 0.1622596153846154
3 0.5396634615384616 0.5456730769230769 0.019230769230769232 0.09134615384615384
3 0.5985576923076923 0.5372596153846154 0.015625 0.055288461538461536
3 0.6875 0.4987980769230769 0.013221153846153846 0.04326923076923077
3 0.6382211538461539 0.5012019230769231 0.013221153846153846 0.039663461538461536
3 0.9278846153846154 0.46634615384615385 0.039663461538461536 0.03245192307692308
3 0.7331730769230769 0.5084134615384616 0.019230769230769232 0.05048076923076923
