3 0.12139423076923077 0.2860576923076923 0.23197115384615385 0.4230769230769231
3 0.13221153846153846 0.8713942307692307 0.26322115384615385 0.2536057692307692
3 0.2920673076923077 0.44350961538461536 0.2548076923076923 0.22956730769230768
3 0.4170673076923077 0.8942307692307693 0.23197115384615385 0.21033653846153846
3 0.41466346153846156 0.21394230769230768 0.16346153846153846 0.16466346153846154
3 0.46634615384615385 0.5324519230769231 0.15504807692307693 0.15865384615384615
3 0.5024038461538461 0.19591346153846154 0.11177884615384616 0.11899038461538461
3 0.5540865384615384 0.8665865384615384 0.1622596153846154 0.2644230769230769
3 0.5480769230769231 0.45072115384615385 0.10697115384615384 0.0985576923076923
3 0.6021634615384616 0.6838942307692307 0.13701923076923078 0.1935096153846154
