3 0.025240384615384616 0.4411057692307692 0.021634615384615384 0.05048076923076923
3 0.08052884615384616 0.6742788461538461 0.09975961538461539 0.15264423076923078
3 0.0985576923076923 0.4026442307692308 0.014423076923076924 0.02403846153846154
3 0.1622596153846154 0.4206730769230769 0.019230769230769232 0.040865384615384616
3 0.2956730769230769 0.7632211538461539 0.13701923076923078 0.17668269230769232
3 0.28725961538461536 0.38461538461538464 0.013221153846153846 0.019230769230769232
3 0.3233173076923077 0.5144230769230769 0.04927884615384615 0.06971153846153846
3 0.3112980769230769 0.4423076923076923 0.015625 0.03485576923076923
3 0.38221153846153844 0.453125 0.03365384615384615 0.04567307692307692
3 0.43509615384615385 0.4266826923076923 0.016826923076923076 0.021634615384615384
3 0.4423076923076923 0.4050480769230769 0.021634615384615384 0.025240384615384616
3 0.4855769230769231 0.5540865384615384 0.06009615384615385 0.08052884615384616
3 0.5492788461538461 0.49158653846153844 0.06610576923076923 0.06971153846153846
3 0.546875 0.421875 0.01201923076923077 0.019230769230769232
3 0.5745192307692307 0.45552884615384615 0.036057692307692304 0.037259615384615384
3 0.6706730769230769 0.46153846153846156 0.038461538461538464 0.03485576923076923
3 0.6634615384615384 0.5108173076923077 0.021634615384615384 0.046875
3 0.6826923076923077 0.5805288461538461 0.055288461538461536 0.056490384615384616
3 0.7487980769230769 0.4495192307692308 0.015625 0.037259615384615384
3 0.7908653846153846 0.5228365384615384 0.037259615384615384 0.04447115384615385
3 0.8521634615384616 0.47475961538461536 0.04447115384615385 0.037259615384615384
3 0.9290865384615384 0.5444711538461539 0.05889423076923077 0.06971153846153846
3 0.9771634615384616 0.47836538461538464 0.021634615384615384 0.03485576923076923
