3 0.32572115384615385 0.5120192307692307 0.09014423076923077 0.12980769230769232
3 0.16466346153846154 0.4326923076923077 0.055288461538461536 0.08173076923076923
3 0.21875 0.4831730769230769 0.11057692307692307 0.11538461538461539
3 0.19110576923076922 0.45913461538461536 0.054086538461538464 0.0889423076923077
3 0.4338942307692308 0.6117788461538461 0.14302884615384615 0.0733173076923077
3 0.42908653846153844 0.44350961538461536 0.08052884615384616 0.07572115384615384
3 0.5180288461538461 0.4807692307692308 0.12379807692307693 0.08774038461538461
3 0.6358173076923077 0.5949519230769231 0.15504807692307693 0.1875
3 0.7439903846153846 0.49759615384615385 0.09254807692307693 0.09975961538461539
3 0.27403846153846156 0.5096153846153846 0.015625 0.07451923076923077
3 0.3076923076923077 0.4987980769230769 0.019230769230769232 0.0673076923076923
3 0.29086538461538464 0.5096153846153846 0.018028846153846152 0.04326923076923077
3 0.3798076923076923 0.453125 0.013221153846153846 0.036057692307692304
3 0.6947115384615384 0.5805288461538461 0.020432692307692308 0.05889423076923077
3 0.5444711538461539 0.5492788461538461 0.020432692307692308 0.04567307692307692
3 0.6478365384615384 0.49278846153846156 0.015625 0.040865384615384616
