3 0.35336538461538464 0.5132211538461539 0.23076923076923078 0.3870192307692308
3 0.23197115384615385 0.039663461538461536 0.04567307692307692 0.04567307692307692
3 0.484375 0.2704326923076923 0.10216346153846154 0.21875
3 0.7175480769230769 0.5276442307692307 0.25600961538461536 0.40865384615384615
3 0.7487980769230769 0.055288461538461536 0.07932692307692307 0.11057692307692307
3 0.6262019230769231 0.5769230769230769 0.04326923076923077 0.234375
3 0.46875 0.578125 0.028846153846153848 0.10096153846153846
3 0.5144230769230769 0.5721153846153846 0.040865384615384616 0.10336538461538461
3 0.5673076923076923 0.5721153846153846 0.039663461538461536 0.09975961538461539
3 0.4855769230769231 0.2956730769230769 0.037259615384615384 0.171875
3 0.6923076923076923 0.2608173076923077 0.030048076923076924 0.11177884615384616
3 0.9579326923076923 0.04807692307692308 0.021634615384615384 0.08413461538461539
3 0.9350961538461539 0.04447115384615385 0.019230769230769232 0.07451923076923077
3 0.9110576923076923 0.051682692307692304 0.02283653846153846 0.09014423076923077
3 0.38100961538461536 0.04567307692307692 0.016826923076923076 0.042067307692307696
3 0.2932692307692308 0.06009615384615385 0.018028846153846152 0.046875
3 0.27403846153846156 0.03245192307692308 0.014423076923076924 0.06490384615384616
3 0.3389423076923077 0.03125 0.014423076923076924 0.0625
3 0.7247596153846154 0.33653846153846156 0.20552884615384615 0.23076923076923078
