3 0.7487980769230769 0.6153846153846154 0.23557692307692307 0.14903846153846154
3 0.7944711538461539 0.109375 0.039663461538461536 0.046875
3 0.7512019230769231 0.10817307692307693 0.042067307692307696 0.040865384615384616
3 0.7055288461538461 0.10697115384615384 0.052884615384615384 0.04326923076923077
3 0.75 0.16947115384615385 0.04807692307692308 0.042067307692307696
3 0.7932692307692307 0.17307692307692307 0.037259615384615384 0.04447115384615385
3 0.7475961538461539 0.23197115384615385 0.04567307692307692 0.04927884615384615
3 0.7956730769230769 0.22596153846153846 0.04567307692307692 0.051682692307692304
3 0.75 0.29086538461538464 0.05889423076923077 0.046875
3 0.7944711538461539 0.29447115384615385 0.04326923076923077 0.046875
3 0.6995192307692307 0.2932692307692308 0.030048076923076924 0.046875
3 0.5889423076923077 0.23076923076923078 0.051682692307692304 0.052884615384615384
3 0.5516826923076923 0.22956730769230768 0.03365384615384615 0.038461538461538464
3 0.31009615384615385 0.20673076923076922 0.07572115384615384 0.06850961538461539
3 0.234375 0.20673076923076922 0.07572115384615384 0.06850961538461539
3 0.29927884615384615 0.09134615384615384 0.0889423076923077 0.04807692307692308
3 0.4362980769230769 0.28725961538461536 0.042067307692307696 0.042067307692307696
3 0.7175480769230769 0.3581730769230769 0.046875 0.0625
3 0.40384615384615385 0.18870192307692307 0.06971153846153846 0.11298076923076923
3 0.48677884615384615 0.8016826923076923 0.05889423076923077 0.06490384615384616
3 0.39903846153846156 0.7944711538461539 0.07211538461538461 0.055288461538461536
3 0.5168269230769231 0.6995192307692307 0.04447115384615385 0.04927884615384615
3 0.5 0.6887019230769231 0.036057692307692304 0.06009615384615385
3 0.7548076923076923 0.7295673076923077 0.036057692307692304 0.09615384615384616
3 0.6899038461538461 0.46634615384615385 0.025240384615384616 0.051682692307692304
3 0.7103365384615384 0.46634615384615385 0.019230769230769232 0.04927884615384615
3 0.7824519230769231 0.46153846153846156 0.021634615384615384 0.04927884615384615
3 0.7632211538461539 0.47596153846153844 0.027644230769230768 0.03125
3 0.7319711538461539 0.4699519230769231 0.021634615384615384 0.03245192307692308
3 0.390625 0.28125 0.03485576923076923 0.06610576923076923
