3 0.44711538461538464 0.8485576923076923 0.26802884615384615 0.265625
3 0.14903846153846154 0.8329326923076923 0.19110576923076922 0.25
3 0.15985576923076922 0.9699519230769231 0.052884615384615384 0.06009615384615385
3 0.29927884615384615 0.7223557692307693 0.13221153846153846 0.12139423076923077
3 0.49759615384615385 0.6814903846153846 0.15384615384615385 0.12379807692307693
3 0.6394230769230769 0.6790865384615384 0.13822115384615385 0.13822115384615385
3 0.7632211538461539 0.7884615384615384 0.10817307692307693 0.17427884615384615
3 0.8978365384615384 0.890625 0.20192307692307693 0.19110576923076922
3 0.9375 0.8846153846153846 0.0625 0.23076923076923078
3 0.6478365384615384 0.7103365384615384 0.03365384615384615 0.16706730769230768
3 0.9627403846153846 0.8798076923076923 0.037259615384615384 0.09375
3 0.96875 0.6442307692307693 0.020432692307692308 0.03365384615384615
3 0.75 0.8365384615384616 0.03365384615384615 0.07572115384615384
3 0.5901442307692307 0.7596153846153846 0.027644230769230768 0.06370192307692307
3 0.38221153846153844 0.7307692307692307 0.020432692307692308 0.06009615384615385
3 0.265625 0.9278846153846154 0.039663461538461536 0.09254807692307693
3 0.22115384615384615 0.9555288461538461 0.038461538461538464 0.08533653846153846
3 0.17908653846153846 0.9495192307692307 0.040865384615384616 0.09495192307692307
3 0.8149038461538461 0.9651442307692307 0.046875 0.06971153846153846
3 0.6201923076923077 0.8425480769230769 0.03365384615384615 0.056490384615384616
