3 0.296875 0.38100961538461536 0.06971153846153846 0.10096153846153846
3 0.3449519230769231 0.2980769230769231 0.04447115384615385 0.06370192307692307
3 0.5300480769230769 0.42788461538461536 0.12379807692307693 0.13581730769230768
3 0.5853365384615384 0.4026442307692308 0.04447115384615385 0.09375
3 0.9387019230769231 0.35697115384615385 0.06009615384615385 0.08052884615384616
3 0.9579326923076923 0.47115384615384615 0.078125 0.14543269230769232
3 0.37259615384615385 0.8269230769230769 0.375 0.34615384615384615
3 0.22716346153846154 0.8221153846153846 0.3161057692307692 0.3557692307692308
3 0.4951923076923077 0.7259615384615384 0.18509615384615385 0.2980769230769231
3 0.6586538461538461 0.7055288461538461 0.18990384615384615 0.31971153846153844
3 0.6189903846153846 0.6237980769230769 0.2439903846153846 0.19951923076923078
