3 0.9014423076923077 0.6790865384615384 0.1502403846153846 0.33533653846153844
3 0.03125 0.28846153846153844 0.038461538461538464 0.06129807692307692
3 0.1622596153846154 0.27524038461538464 0.04447115384615385 0.04807692307692308
3 0.22716346153846154 0.38341346153846156 0.04567307692307692 0.13221153846153846
3 0.375 0.6862980769230769 0.25841346153846156 0.2644230769230769
3 0.3425480769230769 0.33413461538461536 0.06490384615384616 0.07932692307692307
3 0.375 0.35697115384615385 0.09134615384615384 0.11658653846153846
3 0.6045673076923077 0.5492788461538461 0.18629807692307693 0.1875
3 0.734375 0.8293269230769231 0.31971153846153844 0.3401442307692308
3 0.7896634615384616 0.47596153846153844 0.16826923076923078 0.11658653846153846
3 0.9651442307692307 0.5516826923076923 0.06971153846153846 0.21875
3 0.04927884615384615 0.8713942307692307 0.09735576923076923 0.25721153846153844
