4 0.49814136125654446 0.470953488372093 0.0756937172774869 0.2667209302325581
4 0.4341230366492147 0.18193023255813953 0.11125654450261781 0.2584186046511628
4 0.5407984293193717 0.17202325581395347 0.10209424083769633 0.25027906976744185
4 0.6236910994764397 0.2358139534883721 0.12827225130890052 0.24990697674418602
4 0.6852094240837696 0.4089069767441861 0.15532722513089006 0.15813953488372093
4 0.6713612565445025 0.5835813953488372 0.15160994764397906 0.17800000000000002
4 0.6138743455497382 0.7245116279069768 0.13045811518324607 0.24672093023255814
4 0.5045811518324608 0.7824883720930234 0.08202879581151833 0.258
4 0.3887434554973822 0.7537906976744186 0.12522251308900523 0.2316046511627907
4 0.3369371727748691 0.6037441860465117 0.14158376963350786 0.18732558139534883
4 0.31675392670157065 0.4383720930232558 0.14702879581151831 0.17055813953488372
4 0.3538350785340314 0.26972093023255816 0.12522251308900523 0.21311627906976743
