3 0.009615384615384616 0.5336538461538461 0.018028846153846152 0.09615384615384616
3 0.1141826923076923 0.4855769230769231 0.07692307692307693 0.07211538461538461
3 0.19230769230769232 0.5144230769230769 0.09615384615384616 0.09975961538461539
3 0.22115384615384615 0.43509615384615385 0.013221153846153846 0.040865384615384616
3 0.36778846153846156 0.421875 0.03365384615384615 0.05048076923076923
3 0.3954326923076923 0.49759615384615385 0.06971153846153846 0.06370192307692307
3 0.5060096153846154 0.7295673076923077 0.18028846153846154 0.15745192307692307
3 0.484375 0.4026442307692308 0.019230769230769232 0.027644230769230768
3 0.5180288461538461 0.44350961538461536 0.055288461538461536 0.055288461538461536
3 0.6850961538461539 0.8341346153846154 0.1778846153846154 0.15865384615384615
3 0.703125 0.390625 0.038461538461538464 0.037259615384615384
3 0.8185096153846154 0.45552884615384615 0.046875 0.05889423076923077
3 0.8245192307692307 0.4014423076923077 0.03365384615384615 0.026442307692307692
3 0.8930288461538461 0.5324519230769231 0.10697115384615384 0.08052884615384616
3 0.6670673076923077 0.5697115384615384 0.11057692307692307 0.11899038461538461
