3 0.18990384615384615 0.6935096153846154 0.16105769230769232 0.14543269230769232
3 0.06129807692307692 0.9483173076923077 0.12259615384615384 0.10096153846153846
3 0.07932692307692307 0.35096153846153844 0.018028846153846152 0.038461538461538464
3 0.2548076923076923 0.4254807692307692 0.055288461538461536 0.06850961538461539
3 0.2620192307692308 0.31009615384615385 0.016826923076923076 0.025240384615384616
3 0.3786057692307692 0.6394230769230769 0.16706730769230768 0.15504807692307693
3 0.32572115384615385 0.375 0.05048076923076923 0.04927884615384615
3 0.5420673076923077 0.8966346153846154 0.23317307692307693 0.20673076923076922
3 0.4735576923076923 0.5456730769230769 0.07932692307692307 0.040865384615384616
3 0.5048076923076923 0.5576923076923077 0.09254807692307693 0.12139423076923077
3 0.5060096153846154 0.38341346153846156 0.014423076923076924 0.04807692307692308
3 0.6850961538461539 0.7896634615384616 0.13221153846153846 0.24879807692307693
3 0.6610576923076923 0.35697115384615385 0.025240384615384616 0.040865384615384616
3 0.7163461538461539 0.5564903846153846 0.11057692307692307 0.08653846153846154
3 0.6862980769230769 0.3701923076923077 0.028846153846153848 0.028846153846153848
3 0.7055288461538461 0.32091346153846156 0.013221153846153846 0.019230769230769232
3 0.7908653846153846 0.3401442307692308 0.027644230769230768 0.03125
3 0.8617788461538461 0.3545673076923077 0.03245192307692308 0.042067307692307696
3 0.8713942307692307 0.5084134615384616 0.042067307692307696 0.06971153846153846
3 0.9014423076923077 0.49399038461538464 0.08413461538461539 0.07932692307692307
3 0.9350961538461539 0.6923076923076923 0.12740384615384615 0.19951923076923078
3 0.9639423076923077 0.5901442307692307 0.06971153846153846 0.14182692307692307
3 0.9759615384615384 0.6838942307692307 0.04567307692307692 0.08173076923076923
