3 0.7740384615384616 0.8569711538461539 0.24158653846153846 0.2548076923076923
3 0.055288461538461536 0.4519230769230769 0.020432692307692308 0.03485576923076923
3 0.14783653846153846 0.5144230769230769 0.04567307692307692 0.08052884615384616
3 0.20793269230769232 0.5 0.039663461538461536 0.028846153846153848
3 0.25841346153846156 0.5853365384615384 0.08052884615384616 0.12379807692307693
3 0.3737980769230769 0.640625 0.11538461538461539 0.14543269230769232
3 0.9543269230769231 0.5889423076923077 0.03125 0.1201923076923077
3 0.9302884615384616 0.5168269230769231 0.019230769230769232 0.09375
3 0.7163461538461539 0.7439903846153846 0.042067307692307696 0.17067307692307693
3 0.359375 0.5817307692307693 0.021634615384615384 0.10336538461538461
3 0.18870192307692307 0.4807692307692308 0.016826923076923076 0.040865384615384616
3 0.16947115384615385 0.38341346153846156 0.013221153846153846 0.04567307692307692
3 0.1201923076923077 0.3713942307692308 0.018028846153846152 0.042067307692307696
3 0.6887019230769231 0.41947115384615385 0.013221153846153846 0.039663461538461536
3 0.4735576923076923 0.39302884615384615 0.01201923076923077 0.038461538461538464
3 0.4519230769230769 0.3918269230769231 0.009615384615384616 0.03485576923076923
3 0.44471153846153844 0.390625 0.007211538461538462 0.036057692307692304
3 0.38461538461538464 0.38100961538461536 0.01201923076923077 0.040865384615384616
3 0.24278846153846154 0.35336538461538464 0.007211538461538462 0.026442307692307692
3 0.2127403846153846 0.35216346153846156 0.008413461538461538 0.03125
3 0.3557692307692308 0.43509615384615385 0.015625 0.052884615384615384
