3 0.3125 0.7524038461538461 0.15504807692307693 0.22956730769230768
3 0.051682692307692304 0.8028846153846154 0.10336538461538461 0.09615384615384616
3 0.11177884615384616 0.8557692307692307 0.15144230769230768 0.2247596153846154
3 0.21634615384615385 0.5949519230769231 0.09495192307692307 0.10817307692307693
3 0.3485576923076923 0.4879807692307692 0.06009615384615385 0.07211538461538461
3 0.4266826923076923 0.4338942307692308 0.09615384615384616 0.08533653846153846
3 0.4987980769230769 0.6346153846153846 0.14783653846153846 0.16706730769230768
3 0.48197115384615385 0.3942307692307692 0.030048076923076924 0.06610576923076923
3 0.5492788461538461 0.38461538461538464 0.05889423076923077 0.04447115384615385
3 0.5985576923076923 0.3545673076923077 0.04567307692307692 0.05048076923076923
3 0.6706730769230769 0.5889423076923077 0.11057692307692307 0.14903846153846154
3 0.7175480769230769 0.5144230769230769 0.040865384615384616 0.07572115384615384
3 0.7307692307692307 0.3173076923076923 0.036057692307692304 0.03485576923076923
3 0.7836538461538461 0.3161057692307692 0.040865384615384616 0.04326923076923077
3 0.7764423076923077 0.3786057692307692 0.019230769230769232 0.037259615384615384
3 0.8377403846153846 0.3701923076923077 0.056490384615384616 0.0733173076923077
3 0.8533653846153846 0.3449519230769231 0.028846153846153848 0.06490384615384616
3 0.5889423076923077 0.5661057692307693 0.019230769230769232 0.052884615384615384
