3 0.5060096153846154 0.8533653846153846 0.2764423076923077 0.29086538461538464
3 0.6189903846153846 0.5024038461538461 0.05889423076923077 0.0673076923076923
3 0.7848557692307693 0.7524038461538461 0.11899038461538461 0.06129807692307692
3 0.8257211538461539 0.6947115384615384 0.040865384615384616 0.04447115384615385
3 0.6057692307692307 0.5168269230769231 0.016826923076923076 0.04567307692307692
3 0.4074519230769231 0.5060096153846154 0.01201923076923077 0.040865384615384616
3 0.4206730769230769 0.49399038461538464 0.01201923076923077 0.021634615384615384
3 0.3737980769230769 0.5024038461538461 0.016826923076923076 0.04927884615384615
3 0.3473557692307692 0.5024038461538461 0.015625 0.04447115384615385
3 0.1141826923076923 0.49038461538461536 0.020432692307692308 0.054086538461538464
3 0.3245192307692308 0.4855769230769231 0.01201923076923077 0.020432692307692308
3 0.7271634615384616 0.5132211538461539 0.06610576923076923 0.052884615384615384
3 0.6237980769230769 0.8942307692307693 0.040865384615384616 0.0889423076923077
