3 0.234375 0.7848557692307693 0.26322115384615385 0.38100961538461536
3 0.09495192307692307 0.33052884615384615 0.09134615384615384 0.09495192307692307
3 0.15504807692307693 0.6610576923076923 0.16346153846153846 0.1658653846153846
3 0.18990384615384615 0.33413461538461536 0.07451923076923077 0.09254807692307693
3 0.21394230769230768 0.2704326923076923 0.04567307692307692 0.06610576923076923
3 0.3389423076923077 0.5444711538461539 0.13701923076923078 0.17908653846153846
3 0.33413461538461536 0.3004807692307692 0.06490384615384616 0.055288461538461536
3 0.46875 0.47836538461538464 0.12980769230769232 0.11899038461538461
3 0.4735576923076923 0.19591346153846154 0.04807692307692308 0.04807692307692308
3 0.546875 0.671875 0.15504807692307693 0.24759615384615385
3 0.5408653846153846 0.18990384615384615 0.03245192307692308 0.046875
3 0.5552884615384616 0.20673076923076922 0.04326923076923077 0.06009615384615385
3 0.5817307692307693 0.18990384615384615 0.016826923076923076 0.03245192307692308
3 0.6418269230769231 0.5492788461538461 0.09014423076923077 0.22115384615384615
3 0.6310096153846154 0.21875 0.030048076923076924 0.052884615384615384
3 0.6658653846153846 0.20552884615384615 0.04927884615384615 0.0625
3 0.7211538461538461 0.3112980769230769 0.06490384615384616 0.06610576923076923
3 0.8389423076923077 0.296875 0.06009615384615385 0.0625
3 0.8569711538461539 0.35096153846153844 0.078125 0.10697115384615384
3 0.39302884615384615 0.5949519230769231 0.03485576923076923 0.13822115384615385
3 0.8004807692307693 0.31971153846153844 0.016826923076923076 0.06850961538461539
3 0.8269230769230769 0.29927884615384615 0.018028846153846152 0.0673076923076923
3 0.14903846153846154 0.31490384615384615 0.016826923076923076 0.07451923076923077
3 0.1935096153846154 0.27524038461538464 0.014423076923076924 0.025240384615384616
3 0.24158653846153846 0.6694711538461539 0.025240384615384616 0.1466346153846154
