3 0.18870192307692307 0.453125 0.36658653846153844 0.6201923076923077
3 0.21754807692307693 0.07572115384615384 0.12740384615384615 0.15144230769230768
3 0.4326923076923077 0.20673076923076922 0.40384615384615385 0.39783653846153844
3 0.7536057692307693 0.625 0.052884615384615384 0.23918269230769232
3 0.8040865384615384 0.6430288461538461 0.07091346153846154 0.27524038461538464
3 0.8605769230769231 0.6574519230769231 0.07451923076923077 0.24759615384615385
3 0.44350961538461536 0.4807692307692308 0.14302884615384615 0.21995192307692307
3 0.020432692307692308 0.23557692307692307 0.039663461538461536 0.18028846153846154
3 0.05048076923076923 0.23076923076923078 0.026442307692307692 0.18028846153846154
3 0.12740384615384615 0.0625 0.03365384615384615 0.125
3 0.8774038461538461 0.5444711538461539 0.13221153846153846 0.2644230769230769
3 0.7680288461538461 0.46274038461538464 0.09375 0.4074519230769231
3 0.5456730769230769 0.5024038461538461 0.07451923076923077 0.23677884615384615
3 0.6887019230769231 0.5384615384615384 0.07451923076923077 0.23557692307692307
3 0.8665865384615384 0.8149038461538461 0.08173076923076923 0.20072115384615385
