3 0.7824519230769231 0.7692307692307693 0.2776442307692308 0.3918269230769231
3 0.3173076923076923 0.2920673076923077 0.04447115384615385 0.057692307692307696
3 0.45913461538461536 0.4891826923076923 0.10336538461538461 0.14423076923076922
3 0.4579326923076923 0.3329326923076923 0.038461538461538464 0.036057692307692304
3 0.5072115384615384 0.38822115384615385 0.07572115384615384 0.07932692307692307
3 0.6141826923076923 0.5985576923076923 0.14302884615384615 0.1778846153846154
3 0.6646634615384616 0.4362980769230769 0.10216346153846154 0.09615384615384616
3 0.7788461538461539 0.5180288461538461 0.1201923076923077 0.11298076923076923
3 0.9807692307692307 0.8413461538461539 0.037259615384615384 0.20673076923076922
3 0.7487980769230769 0.6814903846153846 0.037259615384615384 0.13581730769230768
3 0.8557692307692307 0.5324519230769231 0.02403846153846154 0.06370192307692307
3 0.9831730769230769 0.59375 0.03245192307692308 0.1141826923076923
3 0.6298076923076923 0.7463942307692307 0.036057692307692304 0.09254807692307693
3 0.5997596153846154 0.4326923076923077 0.019230769230769232 0.05048076923076923
