3 0.5 0.5817307692307693 0.171875 0.24759615384615385
3 0.15144230769230768 0.4098557692307692 0.13341346153846154 0.14543269230769232
3 0.25841346153846156 0.36899038461538464 0.09615384615384616 0.09014423076923077
3 0.3016826923076923 0.49399038461538464 0.16346153846153846 0.19471153846153846
3 0.4375 0.33653846153846156 0.09134615384615384 0.07932692307692307
3 0.47475961538461536 0.25240384615384615 0.055288461538461536 0.051682692307692304
3 0.48677884615384615 0.2439903846153846 0.030048076923076924 0.037259615384615384
3 0.6418269230769231 0.3449519230769231 0.10096153846153846 0.08774038461538461
3 0.8149038461538461 0.39302884615384615 0.1201923076923077 0.0985576923076923
3 0.828125 0.45552884615384615 0.11538461538461539 0.1658653846153846
