3 0.33533653846153844 0.734375 0.3016826923076923 0.29447115384615385
3 0.109375 0.6370192307692307 0.21754807692307693 0.21514423076923078
3 0.026442307692307692 0.24639423076923078 0.04807692307692308 0.051682692307692304
3 0.09375 0.375 0.0625 0.11177884615384616
3 0.12379807692307693 0.21995192307692307 0.04927884615384615 0.06009615384615385
3 0.20072115384615385 0.2127403846153846 0.06370192307692307 0.06850961538461539
3 0.23076923076923078 0.2824519230769231 0.078125 0.08173076923076923
3 0.2548076923076923 0.3641826923076923 0.07692307692307693 0.12860576923076922
3 0.2920673076923077 0.22716346153846154 0.0673076923076923 0.036057692307692304
3 0.4266826923076923 0.3485576923076923 0.1310096153846154 0.13942307692307693
3 0.4579326923076923 0.23798076923076922 0.06971153846153846 0.06850961538461539
3 0.46634615384615385 0.3112980769230769 0.06490384615384616 0.09615384615384616
3 0.6322115384615384 0.38461538461538464 0.171875 0.16346153846153846
3 0.6610576923076923 0.22716346153846154 0.06850961538461539 0.07932692307692307
3 0.8545673076923077 0.38341346153846156 0.20192307692307693 0.17908653846153846
3 0.640625 0.7247596153846154 0.33052884615384615 0.34375
