3 0.6394230769230769 0.828125 0.18509615384615385 0.29447115384615385
3 0.08774038461538461 0.2860576923076923 0.009615384615384616 0.020432692307692308
3 0.13822115384615385 0.30528846153846156 0.030048076923076924 0.038461538461538464
3 0.15384615384615385 0.33052884615384615 0.06129807692307692 0.042067307692307696
3 0.22596153846153846 0.4026442307692308 0.08052884615384616 0.06971153846153846
3 0.2283653846153846 0.234375 0.03365384615384615 0.026442307692307692
3 0.23197115384615385 0.4206730769230769 0.028846153846153848 0.05889423076923077
3 0.46153846153846156 0.6262019230769231 0.11778846153846154 0.15504807692307693
3 0.5985576923076923 0.359375 0.08052884615384616 0.10336538461538461
3 0.8653846153846154 0.4567307692307692 0.03125 0.08413461538461539
3 0.6514423076923077 0.26802884615384615 0.010817307692307692 0.051682692307692304
3 0.9711538461538461 0.38461538461538464 0.018028846153846152 0.037259615384615384
3 0.3894230769230769 0.59375 0.025240384615384616 0.07451923076923077
3 0.15745192307692307 0.39302884615384615 0.018028846153846152 0.039663461538461536
3 0.10817307692307693 0.32091346153846156 0.01201923076923077 0.030048076923076924
3 0.1045673076923077 0.29927884615384615 0.009615384615384616 0.026442307692307692
