3 0.23197115384615385 0.6862980769230769 0.14423076923076922 0.19591346153846154
3 0.28125 0.6081730769230769 0.055288461538461536 0.0625
3 0.5072115384615384 0.609375 0.05048076923076923 0.07211538461538461
3 0.6081730769230769 0.6814903846153846 0.15264423076923078 0.13221153846153846
3 0.2536057692307692 0.9194711538461539 0.036057692307692304 0.16105769230769232
3 0.6129807692307693 0.9423076923076923 0.03485576923076923 0.11538461538461539
3 0.53125 0.6875 0.02283653846153846 0.11057692307692307
3 0.49399038461538464 0.6634615384615384 0.021634615384615384 0.1045673076923077
3 0.3233173076923077 0.6802884615384616 0.02403846153846154 0.11538461538461539
3 0.5961538461538461 0.890625 0.16826923076923078 0.21875
3 0.5829326923076923 0.6586538461538461 0.026442307692307692 0.05889423076923077
