0 0.07109375 0.3765625 0.1421875 0.43046875
0 0.19140625 0.1515625 0.1828125 0.303125
0 0.35 0.41015625 0.2140625 0.4265625
0 0.21484375 0.6359375 0.18671875 0.4796875
0 0.0875 0.8609375 0.175 0.278125
0 0.34609375 0.840625 0.16484375 0.31796875
0 0.48515625 0.63125 0.1828125 0.53359375
0 0.63828125 0.85234375 0.178125 0.29453125
0 0.7796875 0.6484375 0.21875 0.4828125
0 0.91953125 0.85859375 0.16015625 0.28203125
0 0.6296875 0.3953125 0.19921875 0.41640625
0 0.496875 0.15234375 0.1859375 0.303125
0 0.78828125 0.14921875 0.20390625 0.2890625
0 0.92421875 0.4 0.15078125 0.4703125