0 0.55390625 0.796875 0.21328125 0.32421875
0 0.1484375 0.809375 0.2375 0.34609375
0 0.7578125 0.721875 0.15078125 0.24140625
0 0.43984375 0.58359375 0.0671875 0.04375
0 0.92265625 0.65703125 0.09453125 0.1703125
0 0.8265625 0.69375 0.12265625 0.20703125
0 0.2859375 0.60234375 0.08671875 0.04921875
0 0.51015625 0.57734375 0.06015625 0.03671875
0 0.37265625 0.5921875 0.07421875 0.04609375
0 0.4171875 0.83125 0.26640625 0.334375
0 0.87734375 0.675 0.103125 0.18515625
0 0.80546875 0.56796875 0.08203125 0.03125
0 0.6171875 0.56328125 0.0578125 0.03125
0 0.6578125 0.75546875 0.19921875 0.278125